11765 5256
1186 7700
6486 6900
11865 9616
1774 11962
1167 10432
11720 5361
6660 11800
6544 7571
1413 11942
1044 6817
6838 11827
6423 8674
6354 11901
6109 11722
11685 11392
1055 8125
6404 10922
11830 10187
11739 6928
11765 6960
6458 6263
4040 11808
9261 11701
6339 11905
11738 5911
1180 10881
9444 11972
2757 11724
2140 11759
1033 9983
1061 10022
1123 6293
8262 11894
1821 11951
5309 11983
7442 11805
1183 5140
11679 9773
1159 8378
11779 5003
7186 11961
1063 6439
1078 7280
1171 7163
6513 6953
9442 11827
4929 11789
2280 11900
11637 8430
1118 5040
11675 11387
11069 11837
11893 6759
1207 9730
1050 11576
11898 8313
6598 10692
1266 5889
1089 11573
8422 11783
2750 11842
11831 7039
6365 5214
7075 11782
1165 9144
6329 7047
10188 11816
6419 5484
5202 11712
6493 8913
6468 7470
2708 11835
1546 11945
11619 11553
11349 11810
11852 10948
10499 11956
11682 8539
1168 5803
9424 11760
11607 5737
1034 11508
6494 5213
6311 11629
2624 11782
2203 11860
3216 11718
8036 11913
5790 11847
1050 6027
6382 7598
6498 6375
6404 9986
1256 11279
11644 9888
1137 5897
5465 11773
1287 10790
11696 6688
11874 8561
6528 11735
9347 11926
11766 8823
1153 11398
6343 9610
1191 7375
6492 8635
11157 11764
5999 11787
3168 11959
1228 9412
11807 9406
6319 10062
6500 10387
6345 5869
8842 11702
11838 9813
8852 11931
11742 8822
11828 5965
11371 11728
4680 11819
3287 11788
11644 8365
6401 7976
1107 10537
1267 10672
7101 11741
1182 7167
11676 6255
9046 11842
6584 5501
1229 5149
11780 8493
11632 10192
5048 11746
6579 7624
1172 9624
11354 11807
10068 11925
11610 7813
11664 8159
1060 11272
6589 6279
7827 11941
6406 5382
1254 5841
3944 11805
2557 11919
1102 11009
11650 7569
6484 8574
1268 7708
11758 10790
11841 7702
1137 9006
3888 11758
1237 6524
1254 11558
1195 6294
6533 6639
11758 6058
6360 8156
1233 6443
6491 10765
1280 6813
6394 8335
11889 9249
11852 9261
1200 7578
1084 5651
4097 11948
4942 11762
6427 10519
8085 11918
11738 7054
1274 8489
1257 6767
6470 8164
1047 6131
5618 11707
6582 6867
1167 10250
9057 11703
1051 9371
1206 9047
4488 11773
11860 10166
6517 10656
6420 6831
11824 10442
6479 8424
1217 11100
6407 6060
11797 11776
5882 11970
1065 9436
11613 11703
11813 10374
6419 6780
6463 11706
6384 11332
3402 11996
1263 9860
6043 11777
1067 7537
11751 10308
7142 11812
3315 11707
2563 11797
11891 6550
11822 11820
11736 9891
11703 11214
11616 11177
11143 11781
8628 11927
6187 11997
11601 9655
1265 6783
11636 9206
3379 11928
9521 11771
4910 11960
1004 7507
8140 11897
9488 11787
11761 5298
11669 11501
9129 11844
10242 11926
6367 10597
9677 11864
6364 11285
11752 5123
11890 8847
6450 7050
3194 11769
11782 7858
7552 11975
1250 6299
1020 8107
9005 11721
1611 11901
11825 6507
3998 11896
11752 6548
11707 5258
1020 7587
1074 8712
11728 5222
11746 9516
1042 10424
11751 7942
6529 5789
1195 5594
11874 10097
1352 11808
6467 9677
6419 5107
11763 7316
9171 11722
1122 11527
8263 11853
11754 6236
6346 8496
6347 6352
11674 10705
11796 11815
2566 11777
11633 6545
1207 9951
3674 11877
10980 11811
11709 11650
6402 8021
6266 11995
6486 6751
6359 7185
6474 5545
6571 9045
11879 10116
11782 6459
1123 5576
6347 10046
11650 6976
1018 10330
2427 11905
8055 11966
1286 6871
9094 11864
6117 11850
11657 7349
6584 10938
1249 5069
6541 6647
11796 8454
6442 7471
11523 11713
6348 9328
1111 6626
1247 11854
1208 11082
11664 6767
1230 9191
11746 8708
1171 5505
7979 11750
1287 7266
1090 6083
6470 5368
11770 9500
11892 5541
6590 10925
6365 6590
6417 8924
5438 11815
1713 11865
3549 11800
11759 5790
10207 11787
1094 7005
1144 10166
1254 8040
1083 5025
11643 11627
3005 11738
3240 11838
11673 7809
10305 11912
6482 10286
6398 6912
6521 11089
8651 11892
9544 11945
1184 8158
4688 11765
1254 5092
11646 11013
11801 5617
6536 5353
6486 11286
11609 5869
1165 7569
6683 11702
5224 11977
6370 5513
6499 10229
11887 11585
11811 6754
11838 10627
7665 11947
9705 11748
1072 8213
1059 7118
11797 9453
3283 11781
1240 9924
1086 10851
1155 7873
2912 11806
11705 9138
11730 7744
11823 9927
1226 8780
11873 9058
11331 11945
8770 11836
4130 11840
11831 8949
11877 9290
11676 7110
1263 6870
2290 11960
3519 11915
11651 5601
6629 11930
2781 11986
1614 11797
1062 7027
6301 11983
11894 11143
6563 10103
6464 10974
9095 11892
4835 11946
6535 9134
11814 6323
11754 11920
6479 7282
11678 10953
4671 11886
2326 11979
1181 9289
1024 6464
1252 7922
6317 7891
6305 5154
11838 5376
6552 10294
6408 10389
6465 6666
7650 11867
11761 9767
5141 11870
6224 11886
10249 11879
1089 11670
6490 11684
6307 8173
1190 10556
11869 5311
11859 7192
6446 8867
6190 11923
6532 9182
4234 11795
4342 11911
2909 11720
6546 11915
1256 9085
11702 6386
11842 11525
6369 7857
11749 9648
6422 6922
6488 10615
11802 7012
6510 9027
3416 11921
6510 5486
8378 11821
6401 5008
8123 11859
6543 6545
1180 5525
11703 8463
6459 7639
1233 11269
6503 5723
2192 11931
6489 9158
6466 7769
7777 11755
1219 7552
10863 11827
6357 11320
11671 10266
1062 11863
1062 6268
11749 8939
11655 6560
11805 8508
4562 11810
10168 11955
1611 11872
7537 11899
7069 11975
6590 7241
1164 5782
1252 8368
6498 7574
2289 11948
6406 10584
6427 7325
1099 8731
1141 6223
4135 11820
1046 8571
1000 10974
1033 10188
6343 6638
1081 5478
11846 7248
11829 5994
6442 10402
10465 11944
8892 11755
1048 8134
11644 8534
3301 11796
6381 8657
1824 11703
1229 10434
6454 8264
11798 8072
1246 11159
1207 6080
11618 5275
1072 6699
6657 11708
6425 5477
1751 11829
9194 11939
1028 9422
11852 10945
1001 11930
1038 6399
1259 11886
3186 8989
8185 5183
10553 2057
4585 3436
6598 1633
7633 2823
3683 2466
2965 9610
2960 1965
7590 3074
2418 7509
6494 2605
8713 8021
2832 8059
3159 9969
8653 5206
2973 5538
4530 10265
10478 6724
9320 3928
8694 6135
5132 8769
8152 3845
2828 9587
10328 2298
5459 3785
2901 7246
4103 2456
7724 5508
3778 5511
4201 3528
3543 9383
3137 2797
2713 8708
4803 6772
8359 1862
7823 9069
2853 5174
8566 3507
2795 7304
9322 1110
10246 8530
4019 4821
6141 3799
7628 7587
3309 9677
5888 1873
8125 10634
8080 9462
5975 3636
9619 10052
4133 2828
10160 6556
8715 1023
8469 8141
9214 3664
7798 1696
3602 2151
8728 4278
4914 10015
9799 7069
4594 10120
2963 9537
9361 1435
9124 7683
3005 1480
5154 5966
8347 3116
3296 10078
3827 9637
4742 2094
9961 3726
8161 9477
2470 2583
8044 5366
4889 1889
5076 8816
3122 8001
9883 10631
4819 7973
10030 5284
10556 6230
8786 4040
7069 2627
3133 9299
4400 10208
8415 2891
6368 1808
8130 3900
9032 8679
10133 6663
7698 5739
4940 7710
2394 10171
10161 10239
9161 4527
9003 8552
3581 10223
9666 2359
7607 3026
4700 5149
7958 9651
3530 2741
9720 2855
6967 3486
3679 7260
9774 8647
3781 6392
3475 4249
4537 3281
4456 3585
2588 6415
7964 5354
3926 5136
3537 7857
4630 9226
4423 8309
4704 1105
3415 9536
3820 1029
9313 8001
4005 10192
10179 6566
3863 5732
9960 8268
4885 6171
4185 2842
9429 10006
3000 4553
3401 2623
7410 1194
6065 1664
5559 1559
10454 9015
10358 5817
9023 10674
4521 2801
10381 7397
3577 10669
4835 4230
2998 4753
8042 8525
3165 10380
10305 10336
10379 9651
9846 9376
3700 7306
7464 1517
3358 7630
3890 2825
2952 6136
5450 1616
3524 4485
9295 6917
10417 3049
7733 6822
2687 8958
8073 8157
8918 5696
7697 7460
8740 10426
3935 9814
8447 10344
4744 9189
9334 1525
4587 1065
3990 4860
8901 1974
8768 9595
4902 1870
2427 9806
9296 4670
10304 9447
5091 7076
8940 6659
3888 8400
9783 9591
7066 1546
3830 6476
9668 6857
9326 10658
9785 10519
7838 2544
9070 7445
2454 7294
5954 2949
5263 6027
8980 7842
4340 5444
2342 2475
8178 5806
3522 2153
3784 9469
9831 2439
5272 7009
9243 2956
7717 7078
9196 1012
4821 3393
3872 6337
4524 4835
8124 8569
4902 10256
7785 6386
5014 9642
3170 1622
3922 4895
3153 7851
7845 1328
5026 3789
10174 8007
4923 3077
2505 7955
9238 3356
7831 7655
2568 8855
8910 7083
4067 3693
7604 9229
8813 5328
9465 1127
8463 10284
6628 1826
4020 10459
3161 9227
5265 5073
4504 10071
8313 1606
9607 1433
7241 3794
10339 3057
6042 2190
2332 2564
7164 2637
5128 6588
8724 2979
5274 1122
4151 6392
4333 8007
3253 2696
3503 3506
9572 6977
9152 1597
9579 9780
9339 8163
9385 3358
4802 7082
3117 3869
9825 9397
9504 5566
5113 4399
2619 1043
4650 8439
10388 9003
4036 1107
7847 8810
8542 2002
3922 4117
4475 8904
3125 5674
4875 3344
4714 9999
7905 2012
3010 8805
8012 9886
9147 9580
9478 4703
2793 1282
3351 9948
10512 2551
9711 1667
9189 8958
2891 8656
10349 8005
4977 2610
3359 4096
6637 2892
2993 10490
10297 4993
4849 6747
2414 3442
9166 4108
3223 8239
2806 6092
7751 9228
3376 10151
8490 9436
8918 2925
2853 1357
3962 3813
9692 4077
5098 4384
3845 8896
4200 9204
10474 6965
9718 2945
8202 1796
4931 4418
10546 3186
9131 1664
8022 7874
8696 3001
4119 2935
7049 2523
9986 2440
5556 2598
3055 4447
5161 2187
8493 7711
9014 7419
10499 10045
2453 7787
4478 8975
2430 1065
10033 5120
9426 10282
9084 6164
10262 2016
4234 4348
9543 9942
2752 6892
7098 3896
3071 2362
9817 8230
10166 5003
4111 3876
9021 7280
8067 3044
8108 8595
9319 9016
9494 6300
3934 8430
9380 9530
5206 6675
4543 2700
4254 5706
8688 6971
8213 4457
2767 7111
7605 5948
8466 10571
4039 4947
9643 10192
4676 2094
9599 8629
8052 3571
6763 3986
5344 3085
9019 6228
8756 6794
10435 9244
8558 10030
9628 9338
3268 7514
9649 6373
4290 3207
9426 5223
7928 4315
9669 3537
8350 1815
9262 2867
9998 5160
10333 3653
5820 1455
5185 3135
3374 2108
4199 3411
4683 9863
2734 8397
9541 4450
2860 2411
8948 6734
9291 7361
10262 5513
4580 9761
2720 4490
8242 7223
3593 7888
7686 2632
9677 1310
7389 3691
8188 9125
4311 3087
3603 10110
4330 6444
2817 10151
9115 5195
3748 1326
4193 2836
9643 10691
9258 7817
4248 8404
9990 10510
2593 10253
4215 3464
10200 3754
4910 4490
8819 2828
8764 9253
8334 1968
3598 3647
9619 5554
4511 7231
9203 9318
5711 2712
5053 2510
8623 3228
5092 5783
5201 5030
5282 1272
6343 3925
10215 6950
5062 4939
9982 5774
4560 9742
8578 5504
10559 2116
9157 2894
5069 6799
2728 1024
5068 4368
9329 5911
4139 4444
9139 6986
4251 6360
9070 5112
2505 5201
5181 5284
4632 8979
10402 1424
10031 10560
5106 8392
4682 4786
8575 9096
5278 2818
4081 4783
5146 9343
5536 3303
5086 8026
6843 2698
2628 3867
6705 3759
8043 7104
10414 3310
2306 1460
3518 1422
7513 2832
8757 1199
3796 2189
3126 1119
9599 7867
6813 3162
2881 4801
7936 3507
2407 6062
3613 5027
8658 10182
3830 9908
8265 2318
6517 1801
7589 3437
8554 8421
2896 6873
2768 8505
3613 9978
10587 1546
6174 2258
9446 4388
4066 5145
8519 2673
8000 8240
3491 9997
4145 9157
9646 2899
8002 10440
10184 2543
4999 4980
8753 5945
4212 9227
8632 8634
2447 10013
5140 5039
6014 1972
4429 6324
5609 3105
10228 4159
5702 3639
4641 7906
4575 7708
10326 2166
2340 10324
8582 7393
9438 2413
6917 2463
10228 1318
9617 8023
9992 5790
9927 5715
2657 9108
9963 4593
12781 2552
8968 12342
657 6588
746 9102
12397 10447
7992 12528
1454 26
4606 64
9441 968
5812 531
6372 12264
4729 12260
12523 7421
12834 8710
12387 6177
3956 783
12779 1977
11942 12277
1483 12824
5802 12149
5299 528
5427 400
12487 9960
12184 346
11456 12109
