6346.495696972113 5814.728110223056
11860.97512990361 7779.002145226729
7668.843727484564 11702.542935902651
1057.3322648448893 8343.384253647586
7943.461150714388 11839.340016254213
6360.342766356288 10433.055185254885
6363.493569529881 7752.092097992906
6433.11125551747 5092.268601604199
6475.1893462473445 9543.09411116841
10774.747320101877 11956.674696824093
10973.85500263439 11828.137273457209
11883.380089291275 7976.883700152377
1092.987999550041 6076.946951773488
11639.658949566889 6578.215205729058
11743.094170015687 11719.603406790824
1067.6532183100019 11724.796198470522
11640.586889835922 9779.621422674287
11608.785070381658 8872.40809504959
10877.157603392347 11886.258451378419
7972.847043783298 11864.770830010293
1188.9459037140332 7826.481651014741
11741.856008615885 9531.093899666406
11807.97220962873 7741.679666054827
6469.786498021927 10729.153486405732
11830.633261296665 10374.695059760059
3600.4064759679227 11833.915661860707
6377.7424844656425 9176.546419605933
1160.4890678953757 10554.225671488513
6329.463197863674 11779.771593084864
6395.95900605477 10360.88348648931
6634.013261046319 11807.976741670644
11652.120364562876 10117.521756756229
4200.391679600056 11760.111700523297
5466.731567466641 11851.36418044062
6398.2329673741715 8707.624221543536
11855.513251798713 6000.916885155822
7792.631495913563 11755.309097053023
1178.6910629680442 10591.566092560888
7226.908784432441 11747.36167240652
11818.999094574408 10197.140040220798
1170.3879660941595 10377.94208368447
1289.421407226048 11240.238395843115
1157.7176949716168 6418.057381087021
10052.280594164886 11870.37026033349
6341.010459766295 6058.896151821765
1018.0678347082246 6782.93501351602
1279.2521400342048 10249.377364916274
1234.394773402017 6177.907529178363
6425.065168696451 9379.91743735309
3818.6758218982486 11934.514215616739
4574.573769929758 11856.26506617116
1063.0668170512463 11062.859897378368
1263.4561580480288 10440.524970065982
11733.286622432304 10781.2658967113
11853.808575154555 11772.084958430078
6694.362154701517 11783.610771303715
1107.673859936181 6932.347945847695
11713.966544552768 6108.150332180392
1233.2814649477716 9784.189611526048
4438.15967774105 11712.973275861861
8166.782634825494 11914.337589088407
8529.687931670738 11751.695314704144
3846.6701765279186 11950.607283366338
6322.469306963662 7744.309360338255
3883.997774914998 11871.533437035492
7477.969851221499 11905.80846010766
11824.54292457909 11753.874166125772
6342.312904689569 7683.265916672556
1227.9491196878778 6470.917621352876
5302.316929511581 11933.324452711695
6514.724453651725 7078.374206801053
2457.654980249351 11730.803124105514
10212.749801604981 11901.381260479504
6572.129836570374 9592.314671370958
6479.0078013923085 5086.381033991586
6486.073105394814 6442.2333537174345
10530.29798010561 11868.627450658461
11656.138221061741 11837.54394832295
1198.689023560254 8520.705015047164
5269.284688330006 11743.970679181304
8427.504524947883 11856.469016435829
11631.739241749932 10203.127349739632
11852.26363975555 9553.861238844278
1111.9265194017196 8480.029130219147
5952.473933794038 11995.229800799232
1214.6374942742625 8159.726335023121
11812.351150505972 7908.50436127944
7333.5617965832125 11764.781714883458
4066.7647979990406 11905.0022764868
6315.585874830712 10317.569788890905
6354.961961149085 8363.044107785288
6312.2466617640575 6481.577194882611
6485.657912927295 6112.929203783169
1338.7163226298303 11869.411340314653
4361.902873645818 11951.53614886356
11635.56042877968 9054.83820754147
1068.878863066676 6441.829122621926
1219.354041405027 7535.391898756344
4131.6592520887325 11857.110368182553
8111.50338197049 11891.648647733273
6417.449729966353 7147.853637978204
11625.201430212837 10383.530346587273
1104.6232133101867 6960.322891956329
4564.846172972225 11939.19064033152
11752.005082641519 7094.349227774662
6341.276504180489 10524.29629722449
11792.579556739809 7068.635953212972
2083.135771733736 11719.613379179053
5745.951097559756 11733.84845197378
6986.829163364789 11913.524502320603
6391.487500638388 7823.352242074422
10581.789399462983 11918.121033993253
6469.447045053926 6489.178437383375
11689.214794881953 8878.799964903576
6468.589796662876 11062.47299766662
10089.199977374556 11749.990730983041
11696.755830246855 9088.572209149437
1269.3820608655728 9652.661154359648
11316.233867240955 11745.421823220431
11691.323139805983 5505.631544471197
1291.7362675103932 7195.795366399016
11842.168617862491 7395.783068625227
10004.075187940465 11913.649537112942
9231.108527329805 11968.22796341674
11847.771613822753 6095.74763597397
11766.854237100815 9488.811346262759
11839.675544923633 10748.696317706122
6472.956486546584 11079.545083674213
1140.5438538545038 6222.3508629155285
8336.124194147813 11726.04330474056
1228.5009644790207 8911.17553870817
6541.660597194932 7553.360555616021
1013.8212157459544 11120.323404159251
11846.26403968174 8408.210097478895
6466.672114483032 6390.249288357854
6364.187085309484 10804.051541813618
11654.880255702543 11132.798787067957
5674.967145542538 11829.756368759263
6342.5258231108855 11948.796219209753
11424.922344281575 11758.871360738249
2703.7861271270613 11791.270194884159
1239.5503878925545 8267.156634023017
10888.9720632566 11956.721195119444
1044.027725144852 11118.427474521057
6528.250726339389 9062.954766372708
4695.722800096692 11812.979240342507
3338.121304150089 11962.159738245437
8936.626763400958 11857.325170438338
1242.9027598971738 5812.248591169671
11605.023786605605 11606.505635774954
4409.601722332708 11786.819382190493
11626.211305529181 7518.1949180804495
1257.2851862923685 8552.837419725454
11829.880972688678 11567.069022156495
7388.896879812096 11794.217563077938
4429.018127072156 11830.7251038035
1117.1721421142306 6689.398716745828
3235.006627552198 11816.18504667511
11645.5941414198 11345.491633712849
11890.7224408023 5257.3893989191365
6367.775046643421 9925.151832762784
10235.54803098425 11706.017168129129
1068.3199643374269 10880.88886802628
5453.437997825711 11871.062926292672
11754.296214017764 7042.355424252658
6423.498120098087 8702.021904854864
1005.3333291602452 6748.370761817113
6374.750025006673 6183.5088896024445
5166.455197880714 11913.086206922902
6337.018869905262 5252.11399466956
3806.6144777080863 11772.429568802918
1118.5732619192688 7833.287034562843
6467.646737649742 5668.519554601266
6304.1081211767805 7750.236760248945
11768.945386505708 11739.910234289462
6069.371426887557 11977.908185300752
1019.4702725985311 5375.215091504248
1005.7111131762298 11125.8813984816
6372.820148058465 10348.368173152063
1024.2590867014799 9878.736602000381
9420.959386876644 11764.293349576328
1143.7683643773105 6937.75346611671
6517.9634216048 10943.70901357325
11826.32173093 8143.246288688586
8706.514085034174 11848.126849568136
7587.486342862354 11714.213508715186
8799.082697319394 11888.150471053106
11849.972335876315 9263.585311077217
6377.783926528016 5676.308139778082
11798.472541622188 5862.266706556161
11654.22832999457 10690.061795547874
9318.181718208114 11720.390711937045
7940.923877999321 11923.022352687833
11699.276849192649 9863.115791839076
4311.988593692425 11763.42479566473
1221.555364375867 5159.529233013601
11800.196038740643 5837.112646136354
6507.031571276137 9138.120346759264
11676.690608798519 10196.470861107828
6540.568810561046 10008.862548919946
6571.863507527186 8042.436147640436
6281.52929799221 11733.988049570718
6540.549871456424 5528.718425785049
6509.521405530185 11890.152365921202
11824.220094628341 10447.777878350196
3038.507498170836 11774.085095423528
1212.0093768530107 8354.964073654874
11622.179765851553 6760.508235242783
1126.6935219225154 9303.220230547366
3007.1869207325008 11944.888069274928
11881.90244741857 11929.119324546387
6579.240246365742 10622.514988168114
11745.151667449098 11736.757018396534
6499.392240691077 9583.063070622158
8704.552264375578 11984.568052120158
1155.1116015506104 11454.477225996488
9570.08412764301 11833.428404927834
6390.860235700971 6704.022859213728
6453.599211018586 6962.043512810199
8874.801972675015 11931.74675846196
1207.23648371294 11979.976697008988
6579.589194979695 11729.25932298177
1075.2826820173348 6372.056237710421
6448.332358214727 10990.987427628463
6467.9278817290115 8916.978409353427
10881.072073813923 11893.583804706746
6333.497899228769 5811.864315046155
3247.8009864002343 11780.883007003169
4189.217650780142 11860.216739771004
3004.5315671743333 11706.39299212955
3442.2743974689783 11757.80597027088
11682.960417433173 10832.647431115973
6482.670919628298 11068.758608796546
6325.608623252075 9251.762611306378
6513.350917270541 6189.84461486589
6361.604081791893 5384.183447915462
6405.065297064155 8442.061275667347
6395.469383999299 9191.248896884335
11710.967192069415 10928.259010752827
10834.227300472214 11899.09788430555
11784.70361367756 9506.342605585969
1179.501291001552 5657.515854868098
6401.603500709837 7849.117728283892
11719.391892839176 11164.09827516979
6310.2281713976645 5741.354415925021
1189.6830881381486 8886.521304278143
6495.748287527059 10819.903924047398
5487.840998987117 11779.718409461424
6473.28834568063 7189.461376126538
5845.856570988989 11818.518648593052
6256.194267545681 11819.419277487706
11849.121172098734 6461.335150208446
5216.230041314962 11950.741140381986
6487.364652553455 11000.824643903768
1120.0770216242372 11222.917168978725
5441.856467850022 11857.64679709943
11726.88788508209 10338.472856043722
6327.131997265258 10771.282485798592
1130.6677586507815 7640.063891469166
6507.242275770446 6679.777702866822
1233.7473995068083 7045.242402550085
1088.9666837767327 10591.533264867667
11893.243238561723 7556.798595251742
11869.004433262591 6369.296278513119
4871.420768667709 11983.156304292712
6355.037302250239 6668.106375498621
3000.4363459944125 11848.12247738345
1197.5956345161303 8998.636984804052
6450.701976384792 9602.274308791008
4703.591285542833 11990.986504788865
8507.425290271509 11726.120222267193
1278.892667654023 11191.434873070479
11716.857679716673 5352.250253717437
7054.3363440938165 11847.108213411006
5734.1123349537365 11729.169252738167
1141.9427415394857 8731.412110101106
11877.92182519037 10442.008031417361
11864.890258087693 5214.471101012087
1163.755669969467 10120.809722717204
11519.651718303476 11928.892962857723
6767.478855854621 11846.473475883158
11833.01871828472 5669.8368839611085
6449.648075231053 8088.629760171087
6483.705687020889 9027.509541939466
1182.8130721364748 7824.237264557119
11808.372756572953 6930.809408269225
6597.528917575695 8661.811583408
9119.766722683753 11816.26710488334
11755.791413806139 6391.558432249901
1288.6505755346557 9740.771501277764
6379.008016056861 8688.582448562756
11727.515622105288 11269.271698589764
1123.9324312606527 9278.974063103897
6517.390552769978 8024.305314331897
11677.027585140542 7699.41913493384
11647.210499553155 11181.800457689127
1119.8621955753576 6397.0027592058295
11845.803073615223 11207.34714851943
1068.1509741984023 9445.532962357009
11807.92622176092 5314.039982780749
8745.855840260481 11915.06457255976
4127.642331559351 11898.054602950362
6307.388998404224 5046.327793499258
1835.2196235019894 11841.815891873453
11707.471253052838 11881.644166584549
6452.264562152815 11725.827796602702
11806.079257441483 11080.828964921648
11816.24041983974 6609.158745717956
2971.271979213943 11747.458246556751
1164.286592373497 7141.220162537376
11697.392477911882 11283.394685809943
11671.734126667936 7985.9786234916855
1109.3928261600713 7691.090297189058
6276.534924476889 11902.73346283724
9208.132918293737 11941.477752008766
11696.704798108176 9149.422626274634
7313.650379070295 11873.976548287175
1265.3504392272525 8759.522659782338
3316.062519034242 11783.88527383822
1191.3349557154654 7512.641333589824
11686.12237236392 7886.534202502785
11870.512935455867 10609.997283960805
6580.648674291388 9642.37166180438
11833.464822515642 6838.934690333846
11250.905438398828 11883.851819712414
11876.625266998928 9904.561203379
1141.3113629876411 8319.005317367933
6400.948094172819 9585.399832342357
11633.097894420129 10371.668821764039
11731.747546126964 8524.111597428267
6355.257236964008 8484.222643276244
11795.33377415652 11228.661416417175
11678.9787860637 6438.596068574632
1056.931762962712 8693.231744000388
6458.535386923573 8228.951905633354
1220.58758092995 8020.971037601755
11680.726862512402 7332.8471777217
2153.6335963760152 11736.303273339618
1175.5824542579678 7764.1070036305755
11820.772490825693 9881.547367073457
11811.61259709716 9758.798503240338
11666.161153281206 7542.800900343507
11797.526815064835 11232.979072166607
1048.2824895287574 8321.052952056994
7259.511974050081 12000.742733957588
11711.364613422233 5171.31205595767
1158.8393181304386 8394.01604600137
6454.592633434755 11524.227819090122
11877.58615714509 6457.754061787601
2238.250341760232 11968.473978707225
1105.7965643823582 6488.213061366103
11394.117379655248 11726.2953864342
1170.8107885070451 5250.269717520369
1704.02480607916 11917.80365050517
4336.8980107437 11708.862294943705
6438.479311376191 11698.87304404707
11670.041330263852 5533.601071640935
4862.314686571757 11805.120000600542
1027.1907558988094 8931.171129415423
11523.38640565818 11991.688423436648
1054.1480982002374 5963.218875494456
11641.407239612523 10707.013124733041
6530.89993680234 9936.603864966557
1166.7051295639862 5222.729278299289
6524.839706516189 6679.819551662641
4895.440369172916 11857.2089522197
1209.6931766536043 9559.853059623181
6404.071407002807 11710.277938098108
4037.099963171325 11754.064736830356
11818.870875998604 7158.7123557119985
11873.402562302952 11934.934408336352
1218.9218945952405 11100.875859797705
1016.3247939218604 8093.181267586295
1246.70310438664 6798.957119238186
5156.521068771559 11916.60929276329
3569.1318373131603 11745.242627205665
7407.371141111407 11942.826414739704
2160.5975087750185 11774.08268551719
2678.0408941688625 11947.95782043157
8496.273407196551 11801.645206805983
6550.410030020803 8540.680996917068
5671.713687770567 11981.281999064371
6329.725533229501 8454.491776125948
6530.200797729349 11875.34376569337
1126.518678493732 7774.392280422095
11884.99665144172 9623.502626415815
11782.514057547694 6094.519948031262
1068.3781156482457 6716.248589430682
6059.235460572697 11787.446267395073
6540.959171164709 6113.143457379328
1155.0521347955555 7455.670847121974
6423.419945248252 8709.563865727428
1294.30522326357 6237.746659451617
6550.765613243716 6597.212451430178
6501.638635327464 9440.31264795003
5801.069038115981 11774.771795000883
2692.5755732077587 11897.269867432267
11316.956360980721 11929.751228946036
11803.8614385012 10977.314595258917
1253.8836410388192 6847.171977641264
1155.5052916767193 11519.54425644811
1170.8365967999764 6523.712902374344
6599.638276723779 6527.2555193455955
5791.480183833943 11785.423959425912
6320.131524181602 9164.09566710626
3458.6033931125125 11892.283860478112
1001.7388659385011 9851.982000757065
6570.414772317117 11206.84125403045
6975.641218656941 11966.160653511804
11780.15816584541 9924.873281873106
1240.8541776128181 8935.970827343159
6550.436601760137 5404.351957615496
2416.2802482522607 11801.611990233114
6399.6621046722175 6760.687733703512
1104.2896642083379 5009.196548879402
6586.692534165784 11010.167310386896
11888.180249932815 10637.078035360766
11825.822986033894 11115.98649660326
11722.756752422732 9727.032031017989
1150.731400376669 5512.461153855373
10041.002361292049 11728.95091410755
11673.96782638601 9714.799456715515
11688.883021031439 7438.3060347243545
1289.0483488836446 9592.395088133668
1073.9522041534658 9993.255358601275
11631.626941183722 11262.560684969438
11639.897207954446 8080.1852764341065
11725.923472080478 10521.78732083603
4033.8647642393125 11719.97047140685
11849.32666228119 7841.392421941422
1127.7879403811403 6811.803424858969
6568.87462655451 6932.984078863992
1249.0380594874573 6538.404908064193
11771.198631701225 6533.3024487205985
1014.690197212534 9852.109522871713
11708.562637180283 6502.873355272589
6365.082909687781 6156.102180298342
10188.001592785455 11822.258503887106
11728.391664077286 10582.357208618734
6303.481861129495 5489.587202169961
1578.5490645953096 11773.93615231678
11656.857216531314 8038.027401160037
6506.328352307639 7401.280948754169
2893.5658968864163 11718.621227598325
6410.342883686381 11813.02173959646
5289.192407463407 11884.274562767967
1087.5801861077277 9263.90121904395
1200.9880594499775 10014.27779712955
6350.934966575479 8262.331047216285
1182.3531919551233 7229.674511242595
11790.994972938135 10733.00632741391
11812.046808973886 9398.568477831861
6351.631938206385 10619.038392317003
1207.1192744928862 10089.02016628372
11604.252813531464 9985.510752395803
6515.384908761967 6500.734191761743
6536.308519695846 7743.27109450227
2174.511613904852 11890.93211554011
10432.59712854821 11892.304948424273
1257.8709364166946 11380.608982726097
1209.739953444401 8184.422744447467
3443.271101473744 11796.21682105927
11708.37114827365 9632.062436378279
11816.745136670943 10875.732534924568
6357.446706356277 10447.990687754775
11678.744568957969 5402.062005757185
6537.28856371868 6662.073663693488
11851.529427537545 11861.4184190717
4836.882200288408 11771.69046156848
6318.203137482377 11566.289730081171
11802.639615843158 5738.2190816296015
6535.379924006091 6812.0369964279025
4748.8068657236445 11824.90239257225
11798.589730203978 8130.74901874645
6555.134882099115 5836.315626914407
1186.6622909734558 11595.104744961709
6418.91927022145 9466.57463588037
4568.247568843372 11878.944405088445
6500.1610912898 7818.923455957812
6243.307765287166 11768.215348603257
11786.104658948545 10366.09669527182
1265.9965560960295 6027.438356855265
1116.747879881251 9607.330738400524
11827.915650052562 5352.936929771948
11897.712293890056 5573.21823164921
3996.6027002156734 11909.93088753316
1033.6058462185918 9482.329388173079
9849.077513743281 11884.365518156397
11632.136250661428 10151.541942991587
9662.886287088613 11701.26904439407
9397.288750399364 11762.351098298388
11888.614358482424 10793.255548264247
11841.620457264353 7621.13768229922
1119.3283187194563 5389.320457058253
6586.186632980811 10534.989109970064
5732.407187658285 11780.107891761885
10940.651647500177 11989.011743682277
6522.073572795329 9833.870502951248
11607.944616010158 5796.543658474748
3057.159887983497 11714.650733442028
3486.40131001513 3116.9031061986743
10571.401017596547 3834.614602617049
7937.81290852491 6419.259643802548
4830.341062522993 9113.291993875315
9437.101497097367 4267.397949426045
2425.2105624705296 10293.920300033968
4617.527054481021 3400.524318607728
3514.1324364469806 4312.535575362791
8509.467405929609 7606.202064015516
4229.448689767782 4076.070951833966
9020.267562936955 9850.336440467117
6155.488585933457 1576.1839286957643
5893.862555508312 2701.881406296475
2736.494314341461 2993.180215803774
9223.590081786086 5338.606929989831
7600.303789899709 8921.049942906136
3863.002654901481 9049.779946169678
8838.007961813451 6015.364982721478
4472.231317150014 9857.527414525222
5023.1085217842665 10354.688908190716
8344.889007808442 8929.770338110064
4850.354802356072 3571.7333485867675
4867.717741939846 8071.384989971469
9952.174966075314 9340.467830530784
9651.583645360235 6871.542534134215
10244.935321356625 3661.6076637259052
8430.893334103095 1511.362301298086
4668.35497304965 6829.855901782817
10464.416001454625 6740.696517208844
8843.743117217591 4318.656290149396
9540.083408324774 9206.812421766299
10285.862524468655 5496.908517859953
2729.1322372547547 5427.7066734521695
2688.6261768449776 5637.567476466881
7953.982235187452 5411.834070646318
3961.6076329835037 6072.2675697604745
9615.220818245481 1131.89402621557
10598.041886717514 1166.4886907070547
7348.415343192493 3681.700035327219
9082.35028549885 1464.1671775132227
4329.647851049976 6339.036503887234
4017.357849730749 8314.650551340757
2825.0692569311054 3869.7864838953683
8412.782777837105 8614.840949716165
2506.8928076172474 2307.0282427829106
5834.7012745118245 3255.051064203044
2886.4591431941044 7165.905661325671
9382.77424127168 8315.421452762374
9601.939070920082 7930.77823378462
9485.0721918125 6682.345256923079
10088.546562125473 5662.75663721411
10499.803583399516 5074.689569516803
9997.054851856437 8889.675527239622
3345.3195665727526 7370.62866427838
6481.9359038284365 2565.0678421534585
9722.67250639312 7147.279364051218
9084.887022559175 1805.8779766196344
2522.972952792618 8513.423762381013
4776.370548301651 1797.5573098634823
9835.478661614263 8508.287167705454
3059.8904448381604 6026.969364886356
4534.426642231958 3279.467778485681
7966.822672595797 7037.415073352625
8063.998807750236 9891.908238466764
8985.003830852915 3663.048544963954
2546.9560354630817 2118.660680707991
9120.105218099656 4462.158901305376
8378.296510952538 3840.7789497469116
10409.584268285762 3030.0211951339875
3088.5820658495304 5953.5050477957875
2307.507429584992 7224.222136838759
2740.85710824761 8006.940726539903
7088.687270120624 1233.2820824222279
7906.468871330053 4735.634576741354
8766.15541443856 4042.700769898471
3757.1135598637266 5250.991962680215
4766.671425544783 9446.026139183554
8665.212957327225 6698.009393293267
4239.104077474941 3523.5063191241516
8428.622579100125 9747.822082837702
7303.293329150201 2051.066401909134
3334.926160659423 3169.098677752042
7331.439167864439 3111.975479921554
9471.390063034965 4977.916033856399
8276.725907131346 2599.265792999934
3395.350000138072 7137.09377618828
4826.830555195525 8923.627454345342
8573.18529470432 7577.426244848323
8878.030271246662 1190.666428410268
8655.371891694445 4140.160078953416
8308.941267181308 2575.7660138118804
7984.414087976794 3172.0174181041443
8901.49217912569 8181.530982558664
9074.01228758521 3572.150863573111
9697.65177012186 8355.963840661347
3226.919165195089 5933.644433221559
2427.5034879449777 2319.6345970546777
7915.2062707814675 1584.7294000463448
10216.531165611306 3688.5640557102442
6225.619541118371 3757.1781882128303
4863.65704723097 8454.423304989667
3524.29654448016 3324.115405012324
4816.436854146396 3556.03582451597
7638.434897944522 7542.950254179023
3055.204372932008 2648.825953403054
10552.48829430217 6090.746173885103
9777.291556862994 8026.408730138999
8168.767737976043 6491.860527720815
10029.869223378311 2002.4902612020917
6187.237705196014 1212.751524273497
4518.111819705493 8052.980875469973
2435.08319802995 8480.601069116245
8937.91254039111 8777.528677690689
5174.510199589664 3894.4410975614633
10297.864182487818 1383.1487045267681
7729.059245030205 7181.67073385101
3427.654891658485 9334.401860753671
3440.2024858549603 3340.4951714769604
3702.7473454025253 5182.5447324521565
4686.27652905464 5193.472750102688
4144.378320463606 7958.329704540783
3743.2420862289364 4033.204861246445
5196.103019780442 8326.887936165673
8901.398044339294 7959.279386276025
5420.479837608654 1152.2618729801964
3173.323066204115 3967.106775657628
6679.301175248563 1319.6705196589228
8639.898079027675 8659.932854170327
5147.027851102438 5808.100317126173
9263.008016545367 2635.356824490132
8938.529128199534 3537.7353335084235
8537.722208193973 10568.333611788235
4319.484295909815 2665.9532077103927
10447.301676003552 6595.177112105321
8945.762993710263 8279.302069512043
9937.70798240708 4849.512655940626
4553.16088589324 1350.8889216178839
3607.850716412442 2781.6346611863164
2894.2721486152623 2471.0708994417587
6386.9975019988815 1271.9302985716133
3335.2561698579243 9013.261636773339
6128.970622027826 1083.0889790131084
8243.55561231557 8631.609210948707
3806.3484077072917 10606.533702771512
4149.056417818097 7565.895582463723
8003.70574422252 9618.364070968855
2367.227012694708 2528.7823846042047
3175.3113310042972 9258.445765023946
9969.424767629256 10530.17070240537
7686.698221119014 2101.468585491454
9158.772996473012 8919.022057245214
3986.9015939666792 6524.684075781486
3938.032109957219 9495.040072777374
10008.74356412256 8279.114883194397
3233.749351473142 7376.186809071166
4792.438002440108 4546.76703209452
10080.340893353161 4261.079729962321
9254.36395203666 7644.558061512837
8684.187543863147 5661.965531490862
8254.039861537174 10300.816008037567
7964.645188336129 9648.46307456742
8995.591809713442 3812.702951952715
8512.528206858473 2075.644592340253
9598.338881706628 1133.603734388671
10420.841379656087 2021.365664856115
3245.3281728413926 6950.211735994003
9367.168529629915 1896.8836343727803
3543.134064562493 6394.732399189715
6857.572913418069 2965.6751410626784
3412.3083114531905 9320.521292579337
3235.133121537677 3001.6177369492025
9430.140042936377 5197.621646779518
8504.435835363598 2487.075356163826
3800.623090152483 9159.702609133965
9760.294370089618 8886.17629586804
9729.870221071933 10664.670404900218
9075.258537989677 4213.603769732364
7716.52852423117 3332.3976051835075
3107.4164637084714 8446.660568173267
7688.106177237088 10589.662014502888
7017.464136396671 3453.714389731326
8981.519996868228 4686.728718147257
3244.9441184680086 8801.538740986798
10471.925756358069 4218.577175178276
8328.85572021842 7676.255401583554
4713.163723155346 9025.560803366807
8734.667707216804 1464.5884837269086
10366.75922373812 8709.824644622422
7740.643562130498 7073.678176720664
5176.0676930093805 10602.20362724309
2413.4851823531 7630.27311751929
10382.833245199437 1844.315369017694
7861.367307835116 6509.770810794414
8029.443704102562 8446.160814131452
7741.268825591889 2399.9529858530414
7199.670069491295 3019.769922261868
7702.351006187746 3686.8797963490015
6774.796222469198 2783.4474763115613
2832.566242032976 4523.983554029799
3408.7201767573265 5070.483322060556
8883.051540368613 8698.421336507276
8157.224437599877 8215.791963204636
7716.285754388312 1978.4046732813802
4940.179516484904 5208.071592511853
3100.436584088797 5062.319391114227
2313.090929674513 3947.047955191254
4113.141818207915 6850.218559913023
3139.531176167275 9103.250054851347
9187.006957227703 5748.917543026787
3459.7102537088945 4765.812195913921
4885.536263553545 5380.684614072868
4000.8794454870476 2021.318826735251
3148.5242838854015 1363.9525274826726
9811.417973303456 1255.1780740132863
3660.930444630566 9040.497351015956
6979.22628392857 2585.436943390381
10497.087646923994 8546.549578091988
6298.4225910114965 2435.491276802876
6172.36758810558 3584.071555389518
4592.714728809682 2018.174447414525
3649.180629686057 9301.15192840933
10294.484639950904 10435.709373027707
4749.052066658317 3068.6309442890515
10211.484344682873 9246.879395997716
2673.587616886295 1312.3649219953984
3657.5388521937375 6963.978907428284
8012.571641280185 7310.44485851687
2641.2712578767228 10465.344090331995
10457.867396816138 9001.94630992945
5815.545713363034 3731.5565151961114
3753.607087714422 5914.623138203464
4364.636824429631 6645.662804244884
10013.823909735624 6320.848917061584
5291.773942453557 2354.0503920826923
9212.519946477392 7893.424701112925
3963.2775247887316 4062.658182998844
5170.4685518423785 3461.6752418010637
3431.253282730181 2131.160438397087
9070.033428944864 5633.3446446449
9006.299529306903 4378.764110491737
8793.915868603965 10382.464780769118
10162.193839983505 4353.369332959046
8648.56042279917 1649.956557278805
4303.762473691883 6627.498752688602
9210.801571098891 2527.351795715876
9699.721497930292 6478.491467499642
2334.5302693981744 7360.171923321512
4350.552876062018 7408.610570194098
10158.038516821753 3962.5939255737335
5441.0265488135465 2618.7754445348314
10120.727368487574 3285.9234729992068
9276.900647495753 5363.010139690522
9132.262351174406 1735.9436588012884
3450.724453108078 10194.119474670417
4886.770379054848 1697.2826344366467
2794.202683129106 1819.2023420444964
9533.423635788082 7270.596184749042
2335.4005156410776 4761.870457377091
9405.517735594813 8255.928737215436
8335.106722781398 6740.860556624715
9488.185844808413 2469.371210091339
2937.5663221268937 1272.305922795178
8784.474077556337 6207.093726930423
7577.650768750819 3120.0044312292366
8143.763502424569 10159.756835437707
10456.233459574092 8664.432813248226
3701.7251826708916 9395.377044815008
2800.185295318434 7419.435722316797
4656.834583799432 8590.93964922135
9934.663203144086 7677.977178646522
6957.312381450525 3910.3704513539924
8769.870733120795 7378.653914902979
4620.949664015756 10285.413524647896
4383.015294963048 5531.715664198705
7970.903630933369 6375.775771997185
10405.202114907463 5742.984679885055
4340.489043262028 8278.002191506866
3458.18248878904 7358.609125948007
3025.8998309695507 1786.151461095452
9651.32233911226 8519.930219854483
2978.5513105344025 5599.973677554749
4039.309638869236 4466.494925986146
8482.597645039925 8223.248770377373
10104.033320714356 3345.9277167965906
8033.143867276464 6234.91814009451
8433.689661763918 10604.674882019182
9985.88221449261 6390.745330368703
9767.81718070203 2442.703566677735
2944.9756598288704 2975.664102702081
10227.901847206145 8816.243483801223
9638.131162706693 8567.331085707187
7805.866228608075 1404.0952911160236
3691.7255788894518 7263.308444291658
7169.503779857879 1687.8474834170052
5919.699655390286 2572.24392899155
4236.887448452615 1547.7195666518546
8355.147616096345 5847.231631183212
5107.361730734774 8556.593721518242
8270.666123655463 6894.365818032288
7595.787875820566 1548.367816496856
3382.1047809279225 10280.023156688096
8683.748682549085 5514.899650331146
9544.171818643834 2052.7830376654115
10578.748157845546 1865.5074019862068
10498.615127385561 4797.283839791993
3078.872978951737 3519.4757423251936
4563.713797236637 4402.881206122836
10556.038191415884 4075.5481350912823
9978.528887724045 9802.889439994882
10035.082102803892 2115.6152626057656
9782.523874315913 1463.3527362971163
4076.810912775328 4069.8701804504
2347.543135868936 3073.5137256778307
9799.204668569702 9276.579060210004
4418.213714729741 2574.8458876278223
8373.417777344646 3911.9588279906898
4397.325510897519 4212.130739851621
7655.322602214041 5600.906648389036
9428.06227801432 3291.8233454503625
2934.4913943457864 3233.0525407228997
7777.784087487616 1602.07966857883
9511.09117973618 8439.782682932888
9756.758852597119 9475.536795148897
4637.851249350011 1360.9394501215543
9084.434502544766 5568.074765786457
9785.086051141976 5315.184834724309
9481.270417339272 9077.91595031627
4950.7546559793245 5905.342316627171
7221.269705251833 1776.1223230083715
9271.095541638068 7208.992632374024
2300.361392746386 9394.088009887855
7704.968456978703 9877.824011253882
9198.3451632694 4671.798725554809
8194.425503650606 2124.8481116829284
2833.616430141905 4772.669757103095
5473.343343432614 2123.261707373204
5573.379300903083 1513.5250733381947
10228.342426781128 1449.917546755464
2674.955214955928 10535.818451771354
3041.172832905507 6363.414948151684
8565.412969149946 4860.462381276047
8061.205047590047 7003.42953846687
3036.0673786940715 6140.296208008425
8063.009235076688 6527.217920942515
2384.39839911448 10332.21320087879
8923.134891826076 10512.823447831772
2397.469024736599 7183.536950410293
6016.143707750166 1240.1102958332658
9260.983773625074 2907.4138763088636
3027.983837427958 5106.676588692032
6020.209269343253 2277.637861707593
8260.053286458358 7617.42340987545
7776.1707335398105 4596.930115023768
7211.264481342312 2316.4790679206026
3569.3843154238366 10296.163772788428
4641.725460561827 9185.234518637704
8090.184597423001 6354.928305818438
10198.21862089494 10132.920541419644
4539.183869576162 1829.3070448334477
10576.890416294258 1306.9366621667948
2421.5966340343384 10258.882893450489
8814.365367798699 7267.539217896634
4003.8696806200937 4236.924198793596
9813.907980884152 10022.285626191664
9783.983501282515 9760.891533608063
9701.608813418545 9459.978442313373
9225.222161538906 7592.970468591703
4416.695694358714 1996.921271134628
7782.9296367693205 4667.140411676793
9564.271329565992 3513.557595136085
7928.769131892021 3617.7054507747443
6658.570516971722 3095.056748327861
6914.281904507437 3838.3390005720917
2449.2592995188975 7607.137682969456
3108.2524689367497 7957.6377591721
10359.373278897616 4290.3180634799355
10550.695397914165 5705.349314637183
3205.658297766787 3217.1621340306324
5497.2315870708535 3430.7981905552892
4072.7143473347514 4433.19112012687
4802.875863539687 8769.382687021021
5728.637922961761 3875.2275527616766
5199.111827244052 6960.135847178869
8530.312674411198 3239.5013801280948
8020.90374426727 7176.251086304841
4564.560116275443 5201.332864788002
3922.705036861046 1023.324472127637
3754.395684598344 5704.94183232622
3919.8065661701207 6573.5443669865335
3674.9301751506555 7871.450574316992
5009.60917823007 6500.84407484901
8619.57530556382 7603.50835474319
8480.075963562073 9861.725952543062
4867.375231092794 7888.889325369327
2653.7367968016265 5857.132606505384
7617.829562133329 8693.158612580899
9431.520406550579 3365.2430462282387
6237.229273612289 3935.0470684349816
3236.918088032472 7441.4393605938585
8909.617869922204 5602.9612472310255
6413.175813139439 1365.1583501534935
8419.130302082584 8924.650871756146
2730.7851388056533 10354.271873439953
4489.178994620037 2891.838935618548
3544.3721599636565 5288.72791895162
8812.983733235851 7945.943773172096
4516.240434640585 8498.936148223762
2648.1620697725766 2631.9325742665355
3526.72585046573 8325.829055358796
7925.833707202232 1478.6844452199266
10196.33503784981 9376.515766350041
7422.729634637294 2139.88426647644
9309.44851821714 6472.0962598862925
8642.222603448785 10100.994333459816
9969.048220568598 9430.940260578329
9712.910054795744 7156.773620941472
6506.818416855723 1886.2034884656962
7942.779811107144 9702.282953929029
4502.447754245226 4749.486487776959
10443.235724024604 5419.45924648702
4104.7429652093115 2457.2229803039154
9150.074551031175 5795.388059632288
3373.2737545845694 10572.634602024726
9181.19352965772 2298.1956203646437
7360.4912609475305 1964.6094709095012
9432.81237742323 7839.669083683289
7875.423800158866 2910.303308481792
2527.212855915411 9101.153516248205
10030.044254145412 10333.073794815185
6277.623220419356 2426.9865105449244
9466.59795558871 6845.435619609325
3138.625875395024 7217.67451716117
5836.475571001318 2229.685274097911
2858.614700835171 8318.79968792533
7631.473897083837 9796.736810736309
2532.9186288847745 1254.5707543172714
3537.977188504717 9692.367230903092
2950.728049132675 9486.193766008711
7771.678900037262 1560.5589399454104
7725.746809308805 1054.6908226536916
9711.527964706143 7074.323678540134
8751.50025581407 5911.2069327992895
7884.574324203826 5764.623858110147
3304.054278381537 1161.8536492620424
3647.5037528650073 6163.562179949432
3038.474127885584 8564.885409899302
3352.886879139268 4028.139333591496
3540.949867050572 2165.1589929048573
9213.927431768874 2718.133106342388
7613.535484138863 6547.306974596406
8326.910602637552 5922.405754299989
5509.421975505215 1895.9945864021317
5000.128045689301 4751.422373177344
10323.808656548923 7791.902752597352
2657.4947198588466 7538.076658222141
7768.582177573498 2695.7550058354113
2534.5219545645577 9444.76103616062
8970.878818602201 2477.121114798031
7598.736988622417 1047.1034976118124
4048.2635873844765 4467.755432868769
7943.190296259711 3147.2763301806167
8305.268933710851 7495.780585548825
9956.820066221604 7802.464249928154
7973.637075792487 4956.992442764428
4831.0254042485285 10118.629644079048
7897.552035676297 5587.882313406127
10589.663691510086 10367.989571526057
6861.715500927286 3705.3391701009846
10265.580978178039 1966.1892159915633
8767.888106456143 7656.167908348941
7620.383018273865 2018.2213365922282
4638.835780272578 3778.549044330546
3680.3479778555584 8036.801398752029
4929.906909230336 3688.3535190224657
5476.7718165282495 3646.323525996488
9044.301683862697 5115.4335032556155
6993.53704299009 1286.728079521445
3944.2956190262366 9493.750625872304
3822.0762841602927 8308.492978758386
9367.39024643396 10692.660410133161
3210.2502387235445 1132.9405881655373
9604.498345731816 6692.204121396977
3667.1863147833337 10572.016504978277
8229.07830607476 10109.337071574966
6438.762089076225 2649.7435346024067
4229.1899410941605 6510.798786547103
3911.3297972359487 9138.65714906855
2621.899104783491 7712.421205164846
3640.1687925601536 5460.890778740455
3646.4732407517454 9495.49906176493
4566.712741952412 6101.202403369561
5263.573770155397 5428.707749178728
4235.782107191155 9284.872436017333
7680.415706910137 4975.463703822821
10568.37506355374 4689.797463295235
8451.501978407485 5674.7097955317595
5470.931793816758 3639.0636557586495
9465.004956370252 5261.809526820191
3011.7287969117297 8913.630130629275
10037.23170439576 6084.633112124758
12392.517774847627 5241.615866761975
2638.131899068549 12975.532788225826
12674.05421525435 6593.69236544492
12607.410712222409 12165.9633818438
12070.909935573925 534.0747903306149
11427.123561908538 636.7004470102663
793.0462211431894 8705.985850527584
7937.178170907357 12548.360190180776
12623.80209907717 2457.501804512685
11242.434349568208 87.02318337397374
522.6813041127666 2518.7458640186474
4057.5327380667973 12968.484160830503
763.6827377940848 12746.466292401428
9144.7117819335 101.40341613016585
607.5378373021204 2766.8435198151587
961.4090423332352 2504.5693477233285
11610.311145666014 12326.671652501102
5411.371837200956 12631.70621821899
750.2932504372103 9980.163586000683
3733.0180633089512 656.2075512904364
11651.85674799728 12365.820526464597
5740.717143734506 12668.034215957932
12391.515818851645 12058.875185409644
1425.3460068774132 447.03474465637834
1163.4852442494646 478.10168708382645
25943.2266259739 1562.4515084378895
26135.73886084388 3081.287918958218
25468.820960943434 2989.5142137753774
24840.844258935474 3062.8341241408702
24828.968640450654 3775.7988711062517
25267.337215382162 1780.1156661615187
26287.001730309712 3177.893829241289
23322.323989578803 3516.047298601245
24164.41331139531 2434.9078981426833
24555.282275513684 3587.705289548589
23899.79013606333 4195.009330133226
23755.943082100322 2441.328415814616
23448.680299068474 3028.8992918757913
25139.08631195803 2092.6375190988538
25369.41845352288 2980.7511736436686
23512.021234428783 1812.9929510018887
25744.483332013904 4119.697899219006
25295.831138226404 1539.9888816697237
24542.4358019705 3640.9715176310515
25374.154794421655 4016.5353151884733
24719.70354687 3122.3098946374125
23600.166954351473 3303.8768934896707
24792.31792950186 2575.3022646665286
25691.93251906748 2665.9061936092767
24212.851310873975 2333.0496586438935
25332.252456083195 3703.95881383115
23685.64724636213 3606.209955576141
23467.59467044723 4372.903143373467
26275.271908791783 2102.734537866854
23939.37785514541 2643.165321839683
23463.97338930903 1945.624464810234
23882.633664508692 2716.90706611464
24739.77982009733 1706.1274540969791
26209.301811014764 2039.3611993601958
24414.995934716473 2341.01974120657
23344.65602826246 2404.331144522109
24524.317978378207 3234.8436719764277
25649.585873939544 2270.8072999504598
25755.83402651007 2697.843506408524
23366.158963801176 4417.505615535602
26235.262237926996 2112.730504761715
24671.995187310422 1706.5578222503732
23905.86031948138 2127.245078499109
23925.183777847727 3199.3396476508665
23915.772289398246 3433.414852080318
24878.115590103935 3207.6538418212954
24275.654011552117 3766.5455399534826
24858.27048091244 3749.7746029248283
23418.317549685424 2357.107389843615
25209.431964414453 4425.390263507269
25978.95417012264 1746.8177717554108
25042.361954122953 3930.500502467148
26208.645174247846 3584.057581690469
25916.443640817244 3127.1482611062543
25912.587430428892 3602.8335615464753
24210.785621880572 3487.78853557458
23377.33256415533 1831.0020819389345
24857.7797464975 4194.820112088326
24980.510589480484 4015.440286844619
23355.17432258035 2670.4264597640386
23565.052950039564 2399.621157240655
26240.19659142016 4319.346876025578
23454.870958495616 3362.731511053274
24937.15724432406 3929.738266336125
23358.401534813693 4067.353160170813
24156.699918428618 2413.066476437253
23366.05684909739 3633.2854581090205
23720.480302176424 4206.562201242088
25364.154885469623 2058.558359386442
25774.83267410638 1955.7098208906582
23580.678173991775 1698.9091362465535
24509.61256112047 2309.248226062262
26163.5070922074 1562.9675696915285
25707.324723979316 3692.0839814150104
24245.607352852974 2887.2047356949543
26281.991733869712 2529.170596070663
24596.390569933763 2616.299242115741
25441.072245496904 2590.9528825448165
24427.68622517222 2677.4394315014974
24906.886527921506 2210.5509722649476
24143.276228631898 2458.6062426382878
25024.31458509199 2148.838413043201
23883.47732507309 3560.775848478607
24113.213090069672 3012.222844536227
24353.22344196338 3797.079268546319
24754.66298798331 2452.9718978806673
24313.523853964252 2622.504880558718
25652.113506477268 2770.7388211299776
23542.60692905831 4321.474832973282
24445.864343430407 4070.773566030622
23315.836691081015 1589.129216884472
25930.83332378917 3258.4015272103716
25887.805905459638 2118.631586838777
25565.481481381536 3482.9183101764656
25251.837276589533 2013.234733864772
24339.890353427018 1743.9470515593623
25385.288448607014 4393.351205973919
26272.421775386007 1936.9995027772106
23455.97982956693 3700.46068480498
23958.456486857594 3897.9391661344353
25459.50379276842 3194.4147105734824
23984.473478315558 4277.405351098374
23938.170690021907 2460.6068519411633
24599.93465171844 3436.1672865637415
23543.540507975697 3516.0768592789886
25027.826317008552 3248.711241750352
24769.881019244902 2065.0591418340073
24467.940592930867 2196.250322008387
23666.098176600313 3475.0858288212094
25178.7113895745 4394.785704526735
26261.811058176794 3944.165479002433
23815.10210513647 4446.85936674801
26101.279169852827 3459.514120055778
23605.282117417886 2835.3626494788878
23883.036281917055 4383.660798846969
24200.404365705825 3529.6565077285804
25325.229220538356 4033.1246417429884
24775.207992956075 2158.587655987859
25941.961452948563 2578.8532124763065
24239.427914117714 3126.285302761452
25528.477316705954 4367.276841559988
23576.021947603287 4120.889465691641
25264.115098800117 2956.4822525560185
25079.07677442976 2462.5171971487207
24603.17653703384 2752.555365799781
25583.690984122568 3748.8584709928805
23690.323172632106 2122.749605780426
25825.086411366723 3681.7805431476568
25509.674775271596 4259.970196617567
23970.388466656932 3868.859530228052
24381.6608943019 4317.9397477948705
24525.25976333148 2993.5568916668094
24386.83210019813 1830.4041808621748
24229.959166875364 3880.5439075158283
24918.987481361466 1591.620351676698
25266.21946322832 3045.071399525615
23490.95818355182 3645.2819411482496
24309.155871962357 4099.194390693063
26078.60987401592 2870.2674894145325
23943.629238196223 1953.0764782718138
23369.488346747876 3455.5973330387214
24564.758024884628 1913.5578890362638
24818.443974338956 4057.3907216551206
23849.99885511785 2604.655220628955
24197.584758927587 4183.2189606505635
24749.31453117783 3930.7843051248637
25873.770814504718 2905.6387245406327
26165.727030209313 2040.4954995404767
24268.21521770592 1697.9686319401821
25355.460627026117 3498.1134893767744
23664.947332271317 4152.001342452233
25629.515876217123 3311.166887855477
24050.750392581176 2221.3015678973366
25158.040317871244 3730.5680708424566
24709.670985654888 1803.2116834617655
26125.307856903793 3315.833401349219
26048.36103072093 2082.494178160908
24056.248589437142 2893.6236312116766
24119.77060731506 2785.6710650569803
24938.859179333926 2176.0895702412186
26210.55875386244 4253.646476973843
23425.187185949908 3778.255062723852
24328.29744408004 4307.037984240485
24398.43659157164 1893.4120441153123
24884.765558372084 2587.2023531365285
25147.193230210527 3200.129529915238
24106.457160082162 1800.9336286460662
25632.05114639662 3783.4126523100645
24151.75922388947 2699.817177291747
25782.287249880184 1634.2686019212595
24982.681199191986 1718.8755426665139
25050.842749466214 3585.677500409866
25084.38435288264 2344.7241577795435
23538.18888373664 3145.384710828981
23432.64840015199 2390.791022488327
25833.16028263071 1977.55912700375
24967.24138216137 2535.20106828648
24340.35975032327 2558.5149861419995
23876.109123295733 3921.0416361579573
25126.35171251219 4041.259306144445
25199.995828441373 2269.311330342641
24114.856119084652 3606.2351523657094
25751.93579266619 2948.8437932248776
25999.216678292974 2461.427529654988
24010.514413404617 2143.048859322997
25896.18940732444 2476.090998481605
25756.195485876946 3036.9865070961573
23509.69154201617 2708.3995814175123
23384.084335359516 1592.2554342375456
25215.55225220062 1924.934397170867
25890.193824504735 4144.210739671744
23570.76325372597 3216.747831708627
23504.131449077082 4205.6033687766185
23891.410207780722 2160.4158342180485
25033.901409639035 3533.7743199876836
24811.318591473522 2224.850822352549
26168.080289153328 1909.6918060489613
24527.686077781458 2305.776807700402
25076.677395170413 3483.9028253799165
25885.672470654343 3497.580228083456
26202.7109390553 4365.712418201563
25547.809161408106 2613.93972015053
23985.75816035981 1727.5121288816422
24228.054609056955 3194.7654418595175
23454.919721092312 3837.852499348521
23460.380433487884 2531.6913567805773
24656.20864052674 1845.9268513634097
23809.24130961 2755.732014047245
26194.380216204718 3537.576239711745
23436.15251196962 4397.729658749608
24047.1075769974 3040.0790407934674
24321.623308296967 4436.910955692411
25386.401932104218 3580.76588905352
25357.568197936715 3138.004579161666
24932.971006683274 4445.609109513822
24352.431871362714 3329.6841163178697
25266.191752622995 3371.1484297456755
25429.41656189745 3962.7552451080574
24615.47875170782 3611.668111531678
23740.23766436505 2280.0169141836873
26034.13014528484 4090.6312492545258
26122.043143559407 2771.8861761742205
26097.408898124824 2390.929546156685
23302.324188623523 2790.835985549071
24703.1261612722 4046.5452971209097
24495.551158873837 3532.2607397443408
23435.878641156476 4222.503031049338
25606.63341451668 1945.5320059797907
25431.16693943707 1761.1173063860222
24082.365391426174 4179.8346548169575
25052.77718663386 2149.790315297286
25842.445836321323 4104.262265641426
25254.7792624611 4355.442778886154
24492.79298147847 1865.1397190497125
24873.751732146902 1877.802942567844
25032.524157217358 3110.4716869093822
26044.45028884701 3466.5802346857054
26243.635248408067 3629.360838889513
25554.391787059103 3651.8235049437867
23994.7779073712 3051.936212080871
23961.556431327022 3813.870262818409
25745.598526875157 3671.901379162247
25739.343533986324 4004.644816901425
24913.491524083547 4383.984566653443
23781.464532648977 4464.868346732591
26236.81897798461 2147.0174353831185
23593.42413828291 2860.525641413532
23463.253029671974 4320.086522575751
25323.288022759305 2191.628693808992
24277.10284912607 2739.2116986211468
24891.811173159746 3052.2159284753025
24152.85602149703 1779.9516767317268
24952.757181319765 3946.6524111024187
25268.07085936467 2671.3593692892255
23309.193221748603 3774.3643159311005
24925.626709934888 3738.2648836207754
26134.68179455951 1750.8929111390066
23585.527876135075 2907.343602087872
23475.757087145736 4199.83118659184
23583.27857084005 4040.420716576214
24028.306733332294 2951.7884508865613
25118.883321801313 1500.0652851997943
24663.496349437646 1622.0482268868338
25294.887603996416 2128.7096400666833
25458.595904229922 2497.2435651329038
25300.96668501739 2478.9552955949525
25957.041541159513 2338.4022522414134
25911.480086259595 3555.983382814194
25545.21225778151 4194.20337612263
24947.237113514744 3836.629535641426
25272.22147518961 3764.7059449906696
23853.65356087504 1699.0262684576128
25516.809138706765 1924.7359690375108
24446.232140136846 1759.6774089981473
26185.949701167618 4051.2254222649326
25003.53108255519 2235.9334791120987
24119.919215685073 1849.6745019227958
25622.810454137212 4348.228698018623
23560.426765002467 2419.939739167295
25788.899494495006 3031.8092979086455
24997.028799624764 2361.669914812423
25631.993506738854 4472.570190002835
24446.053427522864 2206.6454626290933
26247.22084535659 4290.580150840674
24347.119555678204 4026.037562499685
24718.206515728012 2258.391198356496
24061.43562235873 3253.0467525555723
23580.73861245257 3771.180701114509
24316.850350249573 4068.476774080401
26186.443651124926 4044.6061969934235
25839.42360735065 3923.13534030007
23439.10695077892 2609.3318666566242
25019.6036779659 3469.0914095832973
25539.31458075222 2106.9297003364695
26035.146369719903 2571.5335718874007
26115.36109955523 3665.5906343003417
24523.113942976153 4093.349096999855
24420.097941635107 2804.125676631292
23851.251008965053 2516.096034316237
25928.19566353242 3966.2620274971982
25017.059060433985 4284.78039593738
25497.82500995617 2059.729200263681
25376.807235666976 1731.13043594928
23315.767128214982 2474.214966028901
24583.3449754203 2864.176496255628
25263.906378435593 4012.667081011617
24655.337700287782 3691.004742310392
24511.508361123368 3658.746796259682
23710.805964596533 1749.7177328009539
24651.281602595944 3179.866564606233
24966.003074559467 4117.298150871424
25598.57343544645 3001.4394586894687
23540.880873158683 3536.35480457832
25687.677382870243 3912.9889043881058
23364.77347561035 3580.7944767389017
24279.674850136707 2362.4730708680663
25642.226716542697 2715.0871505301
23570.245848395276 3569.1462480209743
26012.60815594143 3922.3592242566065
24910.685237994196 4452.104144659699
23867.32334504547 3127.9969820839237
25832.764503237126 2553.9443071439746
23806.2074387583 3190.750211421626
26212.59887642113 3485.1813671275527
23854.372852517605 3222.895217373674
23831.16562991941 3272.21990855889
24542.878683774026 1876.9671797785923
26158.59607675905 3913.309642350535
25118.845060043866 1974.3065653822398
25594.593247902285 1814.973878787639
25971.481212737915 2314.9794718626067
23375.44245245645 3662.3332605242863
25749.529123197266 2171.918803119432
24512.74645118661 3970.090177493286
24958.955105708894 2397.131831727432
25438.15354962597 3029.4372274488987
24620.084610736587 4221.741756927041
25593.410425640115 1605.1108082836354
23424.35057849849 1824.86344475911
24962.127807258166 2924.7529928756912
25328.955996899484 3349.884551123075
26243.22340522555 4157.4600945033535
24065.491692468564 3405.467122644915
26179.74843882074 4399.043577703208
23544.530340126825 2114.5775318966553
25698.174436823152 3755.710557888914
25726.706006284596 3631.8271191992512
24114.097882161346 2356.8182162260996
26205.43251305564 3368.146090132423
26048.68826460991 3382.0657152387935
24060.871738090056 4330.054690138445
23994.937163051214 3928.0608200161982
24744.3622758288 4474.80200883632
23834.23628917527 1917.2713417695993
23491.286610324718 2393.1071527466324
23711.387917452543 3155.252918311727
23588.130523516713 2920.7840558781563
23469.447468096772 2125.450444610483
24272.02517985424 3225.857879676391
24581.374042631167 2350.7199255170644
24148.931378913596 3038.7647178939214
23466.4649817696 3495.8062379116404
24995.424325943364 2945.587562904121
24806.176955584688 3565.066089327493
23823.75943286026 1604.790201826348
24450.551777660145 4007.771634636805
24199.284609816652 2167.1425842871845
23566.37887706861 3109.639906100978
24654.73776921054 2123.4177080015597
24387.653255540932 4343.249547634775
23707.732314213506 2116.921001211693
26274.817620834678 4193.128402267727
24560.939379253887 2736.575893260474
24133.413660048325 4447.736907314586
26174.602543844052 2946.190361552726
24251.152294729043 3817.931172564385
23449.522079034003 3120.432226528328
25206.32213502559 3081.2615195823423
23456.88593139821 2940.259743749459
23408.563584374326 1951.4187141303632
25929.30915097186 1504.2137424612322
26087.939860269493 4412.631685790287
24281.89490891767 1772.1643526908204
24425.07895395226 3590.191386781417
23833.18224510158 2159.8885967305005
23948.76339259722 1815.0935297538815
25378.28655511118 3536.1939563821757
23479.308950904335 2038.604855999663
26093.72065524234 4241.439741553933
25328.063881783295 2624.314172977565
24793.132809292136 4193.930776000573
24261.958800543052 2199.6712900320313
24111.411937825156 3398.587590097861
23318.57083219609 2607.269357321687
25651.738462309757 2241.7626803681305
24822.263181638107 3077.848046908451
23894.645932815245 1624.2152241946578
26171.132321034453 3268.3146237233955
25066.24940697429 3446.935509241728
24649.896734233356 1776.5569768957191
24323.038747169066 2397.460203632662
24250.400982980256 2073.9664434020247
25043.03991560497 1957.4622383742499
25387.361094179014 2615.654891980148
23371.486111513957 4497.674437035972
25373.15765565793 3965.059643160646
25185.64317999594 4175.478923351953
23780.13462871677 3908.5382407967354
24013.314012980187 3462.151578977606
24133.85287714479 3706.1398344404674
25034.215022542474 2626.5118138770554
24184.25552393342 1895.4962666183687
24574.774410528455 1666.4576766572666
26129.64764518997 4486.570169834115
26229.784040645016 2658.8994478405934
25100.125594102283 3247.9375398083503
23398.464969549834 2125.1469172154184
25663.64211170824 2339.749989592075
23625.408367291027 4198.455951748463
24226.93138997421 1887.7350398298795
23565.90477609131 2923.0668000736814
25805.91319532088 4305.844497756704
23951.976359725122 2979.5092672515693
24965.821196876797 2443.279290086254
26257.846761514087 2777.430289895055
23483.413272432652 1865.1311651473627
24720.997676727304 3438.0778794990256
24730.409571964214 2291.691198679868
24490.16285091221 4091.2650000534777
23383.607983645645 2060.1548367386686
23513.12943479374 1723.770820562773
26136.354467606845 3761.8443051067024
25824.562541605763 3605.684820943155
25467.245180471127 2672.3769874639124
23509.32348210761 2700.741046944037
23430.783330017548 3065.806777298437
25758.848281176615 2996.1570757490085
24712.696435652615 4406.838185819403
23689.379558628923 3946.330455048208
23924.416236981582 3177.5755701742737
25124.267774059634 3928.122172035312
23743.744495369283 1764.436081886581
25794.309640733263 1513.1569262065188
25210.17026198376 2053.8660677572198
25016.263325829248 4303.8290449510605
25922.06856582922 4438.698120739238
25550.60349317704 3619.9722318060253
23927.867062205496 4391.230166613562
26249.320498965433 2499.9176697715257
25823.40549349015 3384.566858056168
24308.303974243772 3550.2517556177013
23419.41583258537 1893.6667108758375
25538.0652415339 1538.4588544827322
24820.82635979271 3443.2453595329307
26003.016919469872 4154.812849991252
23922.424023750005 1543.8976536892526
25555.709104769387 4022.6675283703285
23584.233370848808 4385.457994138557
25539.40620286675 3346.3045095017997
26272.83376255302 4185.756239720457
24303.72016476657 3637.7683287134696
23971.78481368646 2632.919826427658
24401.503458212745 1815.7097606184311
25270.305472590753 2138.284740950445
23499.482732601962 1639.3757696093242
24609.083596238892 2963.411338182708
24491.93664995098 3481.030520759103
23707.09611326237 2210.668485122571
25689.90390617044 3554.4722276078915
24616.365267489982 2761.1276803083274
25671.60425332419 3568.926437383222
25987.69804438538 1877.2073632689082
24541.935563038005 2217.4519313685496
23417.735269501456 3456.295043707997
23353.207710408096 2041.75231938678
25801.0827325277 1745.3944037716037
23921.85583621898 1648.9649905882807
23591.69871210037 3208.924444786054
25657.059993506835 1589.8874031758114
23827.18125547209 3171.6854066433143
25216.479183120406 1610.0475612902353
25715.217085902277 3985.448751005678
25749.086308775415 1933.644321792436
25637.08312623547 2744.721282981166
23314.8048309887 1818.6938420383904
23760.378172304732 1664.9449709457747
24752.931548862158 3413.7145543384845
24610.736226052122 2245.907760737099
25977.94531780868 3986.088698234058
24262.341667279274 3140.998158839226
25809.349957675957 3036.708088108218
25531.2236199973 3937.353568284976
24698.38670915013 1754.3883604662176
24980.13617842842 3416.440708375908
26078.69113603707 2452.745400631693
23475.401592025864 3528.3060649065346
25729.974577408087 1667.757872229823
25521.01056254701 2966.16088269462
24744.776759173474 2671.1800040315525
25358.251009437176 2271.38243430425
23535.480214599156 3098.6474862532637
26734.760030444577 3996.224890092149
22336.29036351716 1045.196195761737
23016.70147811118 543.9363067048747
27472.704865142245 1616.8422393201583
22784.976417940645 1468.3704301266696
26009.078262278766 3645.1735756981384
27519.818316664023 1427.106183580553
23462.007979847316 5647.120488802386
26898.503075334607 4858.786880744541
26382.340148441373 4362.09570222048
27636.364453148726 1111.942883360942
22745.368885962365 47.08254584517777
25810.221107846715 1063.4684073461146
23590.930461817912 3771.461473016196
23521.81857698766 3516.439824408803
23692.650812625052 4109.002346510482
22862.929082601328 4358.336325998042
25450.375049004226 2793.1767584490062
27476.20915861384 587.7773926803236
22655.847985724155 998.0974196291493
24275.83999642798 99.88133955928767
25229.166024080732 1737.1041565782589
25545.783376648433 3584.8951670435067
24387.523926530856 414.7030964838464
47740.29218714799 2447.6991319715225
45495.82376889379 1681.302925050917
47552.622209470275 2231.0756717584304
47696.16004782589 2025.4257318353043
46418.463154174315 4011.0976654365063
45190.717845688334 1610.927840604209
45749.78184271887 2315.5003957406902
47986.03687533393 3094.061550465725
46478.959425774025 2486.129640905198
46634.352724145356 4440.056930293602
46066.60133524756 2333.7270163511994
46927.91472342354 3224.4191744398945
46090.96630686685 4334.4505230910945
45437.08121182107 3760.3092323663172
46812.08368041578 1843.6043612896715
47158.33863347304 1655.0337522639104
47001.49345757323 2042.7533235470314
48085.21687978595 2634.7421169830623
47575.32847485678 2644.4295392134622
45749.03234769709 2881.431400401573
45775.06973811268 4054.4245063514713
45445.077150718425 2257.2679030707527
46843.87517318841 2856.1971978066445
45864.87865481789 3069.022953334058
47931.119792379424 3710.2024700458505
47598.03568475085 1900.724270629245
47771.76676588826 3271.831896425714
47987.52446413961 4417.869074334973
45720.58497428161 1768.642696033172
46798.449449605534 4021.2835708338175
47807.327810817354 4275.90337064708
46422.768937562505 4036.6183922496343
47997.082209883534 4184.8450491908825
45814.56616317191 2737.6312331031245
47762.98533691707 2205.7637942615943
46422.88060043841 3785.340183531249
45773.92196138972 4406.083728600914
46875.42967538277 3260.5001253206824
47240.496846082344 2239.2879829164217
47990.13062602061 2705.228983756088
45787.91919511283 3742.701794812766
46636.206908584165 1764.0925195987945
46375.52854409456 2765.882661408031
47357.33768580227 2105.908740694152
45477.5299816311 3117.3864830526168
45314.59909050617 3638.8216512819954
46842.6549322639 3767.6144349868573
45595.56184471708 4366.990742799213
48098.04292468836 2889.1386731276857
46169.33116664666 4155.32016009072
46587.096440055364 3807.75072299246
47986.75893454421 1843.8051881340728
45951.38214745934 2005.2157377988317
45240.500206309196 3478.114530554994
47349.47968569561 4490.757538216761
45246.18812304473 2103.1365251125735
47057.6245300854 3130.837189999737
48038.620071368525 2579.401320509886
46240.76196619557 2308.2038161697005
47667.2638718826 3483.937358576787
46107.78470369481 3960.1853772313393
47546.32669171226 3603.7153882124053
45195.74993567951 2423.2915077274993
46973.776832468626 3491.1626171937605
47496.04839068119 3645.042690072761
47689.361240844235 3026.6694525583757
45744.50552732773 1627.9423350782565
46693.254353051336 3740.7832932920355
45752.06057841894 2020.254125951929
47556.746353904426 2694.42947796665
47794.828392836396 2753.552879069321
45601.25989746041 1571.3118442008763
45627.248981049095 1641.42779122359
46376.25617910979 3740.992316957294
45141.75064812397 3706.9840112315756
47242.372976085695 1798.0585455559972
46469.07400546429 2122.249501045913
46266.40901530992 4229.024802429912
47177.25795372576 3141.882173748249
47551.87990171192 1776.3358254145896
45838.343926293615 2972.747013897509
45579.4543498432 3275.023444574683
45981.66650276516 3669.491116904822
47704.78171277529 3164.720625277392
46797.14112880344 1804.4355083124206
45236.24573068368 4306.109428533035
46004.61889263339 2066.9804814527965
46854.63105712789 1970.0468406758355
46474.11893413705 2373.653459175052
45758.03127623069 3167.151537370395
46306.932336246595 3138.974318345048
47704.59332941855 2696.793823624745
46516.620970653734 2709.0119221988134
46106.119117126495 2888.174816575432
47417.068281299114 4098.534005537243
47781.87770469154 2996.039370788387
47790.12678997105 1590.2160258185613
48044.55063994756 2456.8730193222405
47816.934556537504 2285.528039592827
45116.453155352196 1863.8291016923267
48085.35942802895 2991.848946171099
45369.17115423149 5268.898333119922
48224.09838470189 1069.9021546322097
43707.3196319902 4500.951046274428
46695.44897848936 5973.217888467431
44283.91695941788 2960.1411811803673
48882.66093181584 1213.4056781426978
48748.97216710724 524.1159703945649
44673.21917436984 4302.903581241153
47207.44262018689 3641.5236417803467
45509.3051458804 3829.813099043279
48599.01175183747 2407.215968475101
48448.87576542551 4519.573889480411
46688.591560309076 414.11299528761225
49429.29897687913 5033.956233832182
45663.22323413688 3865.429816166312
47403.114605474846 4981.79436640573
48384.603630432684 3009.8105054743487
48013.65223055735 1715.259040331749
46320.666419983034 20.006610707499632
46569.71309137295 2858.129740134859
45999.78297810976 4397.346988587777
47358.207378371524 2109.4931780734555
46084.20060577934 5297.287019582067
48742.46468513671 2113.962032198313
