10550.6148864 11727.7455314
1295.11128254 10285.9651232
8047.19338393 11821.0464232
1219.22456685 8497.67586246
11820.7880906 11231.7231621
9416.68051981 11851.7930403
11692.233149 8640.89748341
8242.79536189 11930.3282289
3087.36807406 11727.9240456
11795.3491474 5301.90591528
9097.14841915 11787.80638
1201.4979528 11886.4987435
11842.2454342 10911.5937356
1048.39708614 10473.9969521
9193.55368366 11905.0005555
6536.4555826 6935.47573285
5857.29283574 11930.1926039
11803.9094461 7513.9338678
11064.3705539 11707.2180219
2296.00408431 11805.2967219
1663.28421152 11776.9683475
1197.58135013 8013.13616534
6343.03033069 8295.25584783
8358.29557889 11968.2055534
8422.99576083 11797.9922345
11733.4126708 10649.1094629
11790.7248453 10383.7788975
11825.3026798 5204.80422759
11731.6597725 7620.31377902
4849.93789781 11735.3215845
6571.87551006 5844.82504385
11752.9720949 6403.46950475
6556.07951613 8281.58061513
11749.8850685 5010.85026829
11737.1750902 11710.7531228
1009.0771143 5248.74427028
6386.00476189 10726.9585289
11897.2942926 10668.4845789
9596.55822172 11738.9999525
1072.01493869 10081.5738994
1042.43709684 11537.4752048
5308.54417815 11835.6535586
1257.09840353 5597.78970168
1047.13066815 6962.56142611
1095.22171316 5495.06630658
11779.2138221 8918.46178179
1101.4075606 11303.7472056
10768.0736479 11845.3550153
1162.52637152 9602.40946348
2132.53417748 11939.3568175
6350.97546969 11496.6155751
6529.89933405 10962.931608
1293.74160214 10048.4372943
9281.18434915 11766.0073944
6351.44288226 8231.64275383
8350.36963925 11891.6151156
11775.83175 8603.18259464
6459.80383767 8411.46780163
6376.19708622 6466.69947247
10550.2310206 11908.4657008
5584.19347525 11813.8567402
6559.62823954 8517.82653461
1009.57450875 7695.62549778
1171.29373578 11054.3938687
6508.65932186 10198.6318024
1126.41366005 6246.04943428
11800.5230259 6647.95778464
11787.533295 6721.31712373
11628.3448652 5965.89293274
3121.59381547 11867.7766501
1225.48674694 5040.96034911
1087.20923738 9563.52350079
6553.119259 5763.13867811
11664.9201746 7757.35834926
3663.02729086 11704.0016248
4091.08079788 11875.4596172
1194.13493599 8575.65404635
1034.09448211 6319.41696873
1200.83154224 10683.3081996
4331.80477438 11704.5389886
11893.8792542 10425.2216268
1237.54451687 7583.7235854
6551.15015935 5491.74937726
11833.2141649 6559.61068035
2366.72338152 11957.1133612
4426.9170994 11923.2716259
11630.4388996 5150.94163732
8525.10926225 11989.612529
5968.17376172 11948.0533824
1146.57314175 7258.24052728
11188.4357824 11809.9316316
6536.87160336 5404.28832549
4361.31153642 11861.6083402
10099.4922497 11763.0625304
6332.57072782 9960.85236032
1253.58830131 9904.49717606
9271.81654096 11896.9136321
9180.88580795 11830.4172301
1118.73372138 7266.21550374
6469.64722281 7249.9469303
11685.7229678 11160.4906585
1061.53927448 5878.19141598
6446.25965047 7865.50071002
6372.38238715 8443.76379114
9643.47975647 11940.8801675
1513.18095619 11856.8777091
1244.98477499 6494.22701673
10827.3061016 11751.940914
6596.6091609 10960.8247316
1152.61459923 6909.56733295
4232.38271469 11717.1434939
11644.8996315 8736.9802391
6575.60273464 6427.76378762
8158.16138515 11745.6456061
1277.59103497 11795.2833183
11741.8746689 11003.3779684
11759.0253121 8386.67682549
8249.1750558 11977.671582
6366.72986445 10845.5602271
11881.883502 10532.9822503
6494.33526798 11339.2044192
11814.3976099 11472.6289161
6487.97944815 9141.48073354
11859.5171084 9815.12531281
11780.4953628 5353.00169752
11706.4118543 5912.42828734
11778.327242 8371.44232304
8227.41939393 11965.2034689
10816.4956675 11918.9112464
11613.8043301 5773.88110671
7928.80835122 11916.6013104
7701.89058043 11710.5446064
1119.08214102 9806.04896549
6218.57726558 11895.268743
6462.12808427 5593.80633711
5975.91014368 11713.778883
11636.7932297 9016.53491454
6434.80689197 10577.4982031
11765.1886272 5686.3008131
3193.67760558 11746.9664267
6632.47130098 11841.4191867
11808.8166795 8056.8202065
1123.95295829 11325.216111
3037.08216226 11839.3227855
11646.4960504 10313.1061849
9771.37216147 11852.6609674
6851.7071949 11790.2646489
11704.1407775 10481.5648178
1147.32635927 8975.79873881
6378.03547586 8793.56918673
3848.67636913 11978.3580106
3222.10305394 12000.1250968
6459.51695899 9744.79145897
11840.9790496 7845.516486
6394.03898522 11349.0986554
11708.8484749 7874.99138427
8176.40029576 11769.8307943
8247.91205939 11988.4548622
11768.1772149 5633.77049307
8736.29518703 11873.0566498
11074.4061836 11907.9006048
1229.29221034 5737.86760842
6376.56645537 9527.60511407
6487.55430987 10683.8994871
1024.9019975 11182.4485547
11650.5781997 9304.90756662
6309.82598481 11644.3671478
1226.63558071 6741.53894719
6734.29060423 11986.1354769
7331.27519661 11963.1546696
11773.2055906 5560.92173761
2927.27637058 11930.7842802
1626.29169412 11704.521088
1128.23818169 6853.43369652
1270.70666227 6358.98006284
1295.98797654 10760.2387802
6389.8863726 5879.29438554
1056.03251914 10981.2694286
11852.7841927 11495.6571792
1286.95517956 5542.610141
11730.3990757 5733.79905141
6140.35063745 11830.8431347
1252.31672226 11574.6215747
6547.4553765 7205.21862853
9540.45294034 11760.0224145
1020.23423681 8492.88282871
1043.42802664 7120.25045923
11671.3089833 9101.54523003
1247.09132616 8034.72860191
1694.0302686 11983.2620895
3620.58154201 11890.519261
6446.56891999 8844.48348851
1008.15170295 10365.126995
6419.15429435 5372.94673827
3852.66006712 11939.0211918
1264.2121092 6917.84771125
5877.42479574 11770.1580028
11674.7569678 6948.86024983
6338.98883735 6202.77444629
6334.6611446 11419.9809989
6357.71910555 8075.86285893
1076.76596496 7733.07404919
6384.4725967 5079.98003673
2816.80221864 11787.3704659
6357.36745973 8537.78295618
7256.81845185 11904.18329
1105.04225987 5356.04723634
11650.5487835 11620.4680527
11879.4430354 6119.79775175
1073.71895962 11982.7906029
5245.16711707 11711.1165053
1229.50926035 10005.581682
6523.90575714 6329.04219288
6356.06764639 7565.70391773
6357.05112579 10875.0446557
8169.11507022 11967.2210027
11699.7052341 7754.57114007
1184.19535748 11740.2498903
6344.33621499 9424.87493471
1087.10359385 5840.51821633
11636.5402425 9171.26383024
1043.60988974 10912.6813715
1103.61212791 8879.39720226
11793.7076043 8319.03215923
8893.31432767 11743.3662372
11811.6008307 11568.1126521
1032.45811203 11454.3245077
1234.37192001 10892.9155634
1193.06296348 9715.2904986
7151.98380829 11808.4280781
11665.2580794 11302.0663748
6217.55949118 11913.5405797
6261.28676739 11873.2976332
11768.8107495 6231.97088907
6324.42151714 8137.40797442
4879.13232347 11834.5185984
11857.6780425 10849.1628068
1007.12009261 9541.39032764
6496.09355145 5769.02710929
6351.58834971 8900.76185473
6527.91654601 7183.9661342
1217.9866733 10573.4710229
4770.57338946 11736.0165203
2609.00046273 11977.7265767
1202.80527085 7371.57061947
11877.0743203 6823.37884017
11812.5668693 11778.5780477
3576.5450113 11713.4089379
6431.15684343 11770.7262056
5624.49255454 11908.2631983
6500.34074685 11235.0895313
11602.8062776 8053.009517
11633.0506873 9893.37996251
9213.06198297 11945.0603884
1137.30772226 6013.01884737
1135.45039153 9018.23016538
7637.42229724 11836.5172564
11695.8590767 6867.89185851
1163.25313536 10852.4641702
1067.10864613 6551.31965598
6385.6042615 11553.1504826
6442.41745112 8124.95897463
1215.35883151 10194.2038462
6431.25309045 10700.6199663
7907.95033358 11776.5084826
6433.98080202 5797.25146841
1145.12267383 11025.959312
9467.46212373 11792.9703441
11758.1029128 10778.3646631
2818.43791512 11919.8657416
1207.42938214 9769.9380255
11734.6510758 5943.52792777
3986.06068351 11961.2276763
1832.96596769 11831.5528885
5010.29661861 11713.447639
6539.3688593 7145.27442596
1282.30265251 9614.80007632
1017.48881662 10628.076634
8692.1249471 11723.7843324
6403.99782814 6170.13157608
1214.08562313 7166.16705106
11811.5207682 9969.73633327
11761.0835641 10890.8309571
3242.77412757 11965.5736276
6487.55197255 9885.42910136
1019.66783009 8016.77023792
9413.10880087 11812.4298476
11895.3262158 5590.48659871
1232.08370341 8522.57973841
1036.63012504 6272.64724202
6560.15300897 6287.20923158
1291.06696854 7418.47070621
1228.41271671 8691.59326108
1247.12670655 5385.60473169
11612.6656528 7399.38701317
6343.77352367 9933.94124211
6460.1765289 8873.68977498
10135.3848632 11928.1158292
4376.03066011 11820.8527454
1126.11699234 7466.95682466
11894.1694629 10898.5948959
1154.7942863 6438.85324718
10875.1454693 11701.8862354
9967.83314413 11879.0327452
1250.00476367 8438.88333168
10675.7379383 11766.0750221
1223.45176974 11629.0920956
11670.0865406 6181.38740534
11876.1917589 6449.25926601
1010.56191767 5091.93142109
11709.3627356 5439.41751651
5815.21011408 11992.9497238
9478.42079169 11917.3632868
9202.90648354 11867.9031387
1184.24646549 5892.11274992
4804.52865292 11959.2825036
9491.85303022 11713.4962744
9520.22984097 11896.2836025
6500.64468503 11594.8499772
1089.19629273 7304.67324895
8352.58771082 11723.95387
1260.39169923 6860.4308996
8366.40422779 11930.51283
1159.06426653 5722.06519633
6327.92860881 5357.26537493
6274.65675258 11760.7749994
6915.42422171 11897.5481099
6578.14240349 9892.47373921
6534.07216328 5261.30786067
1052.85811675 10451.1762837
11825.6514299 11890.9494429
6145.64073962 11990.4407396
11654.9348174 11462.3553759
1226.16739214 5273.31488581
9844.73462989 11932.2898246
1227.6523804 7428.46729943
11385.3807544 11965.4135306
11878.8655372 9170.73548945
1173.02206552 6236.82235828
11758.1576608 10240.0731477
6431.3400426 11801.8254724
6558.07678521 7879.72882017
1249.56771065 10385.175368
1249.9686128 7427.71685837
6950.19873053 11988.3429743
4019.01825425 11887.281477
10296.1731386 11892.963493
6560.64302658 7569.07128915
6593.35720598 5399.83598284
1233.89542153 5564.04688111
1252.90342428 5337.06468351
11846.0945094 8210.83358794
11601.8838371 5026.8661373
1279.23178267 6588.68489961
6424.54741041 7383.01503413
5075.56409764 11807.038134
1166.14157982 11869.9050106
7065.760724 11843.4570322
6472.47809703 11258.6983746
10967.9729616 11846.9512725
1119.85723074 6905.45034763
6397.38839289 10816.6283254
11642.025729 5776.3922734
1231.04069507 10213.2023474
6500.75643966 7340.84426906
11832.1553834 10858.9891198
6405.51800567 9703.42517293
6409.31029519 10311.9782036
5562.46786282 11725.4689135
6433.1263349 5469.43725066
1082.33332819 9761.00570972
3420.39747846 11721.1073868
1255.44878768 10101.9402535
6482.77399253 11772.2625951
1206.66372362 11335.9005728
2447.59573959 11869.9976178
6545.35246288 6669.54014957
7679.12284928 11776.6783433
6450.7837929 7230.03265462
6426.17497685 8930.15520324
9181.72780011 11893.362056
6446.74750443 5955.04336194
7662.39020657 11908.8771191
3600.5106352 11914.2405552
7768.98311039 11952.6966218
1120.30467034 8456.83330664
1201.9028868 6657.16450901
2947.96504249 11898.4067047
11464.8546271 11743.5307662
1115.28808732 6769.22941924
10057.6529068 11785.6469881
11600.2762786 7126.54418217
10400.8551225 11808.0902812
11867.6037255 9737.19349926
1670.47095728 11972.9965412
5162.08031422 11865.4988463
3800.57866124 11843.6573541
11757.6042299 11180.4086889
7793.51236469 11898.5684789
3320.2705389 11815.6789557
4932.96865635 11742.7782925
1287.97370936 10914.6437861
11685.7347959 10928.5874562
11771.7833624 7574.19552971
4445.14327757 11814.3607825
1201.75827182 8569.34883232
2822.24601795 11932.7687801
1278.61108404 9024.29435254
1195.71593141 8137.5120884
1270.59883157 5041.67558445
1188.96321375 5889.93488134
1192.3751538 10303.9140551
6511.54735484 7625.89134584
1048.967297 10773.8188731
11853.673236 10175.55184
11690.653433 10859.468776
6598.65602352 6120.73081923
6424.53799122 6740.13153249
6263.91310167 11894.8833141
3159.41482771 11741.5766095
11739.7908412 6533.3945313
1039.88194186 5830.08157415
11882.0884125 7835.91231552
11668.3662562 8319.11388558
11734.8852881 9204.72927238
1116.58449829 8029.395823
6548.22164464 11194.6128427
10594.6901227 11906.0130033
1116.5946957 8720.84241518
6330.6758582 5425.29961545
6318.75502382 8950.1285824
4382.23690489 11737.854344
6435.23729091 6257.52332504
11890.8007284 8377.9712565
6389.56707388 11221.2083304
11860.415236 7152.12254196
1223.48188225 7637.86364875
6322.59144261 9232.97262476
11631.0698347 11552.3252345
11756.7243993 8546.52317883
1242.54173192 10621.8744166
6526.54206027 9945.89518894
6494.0425974 6253.15729086
6312.90224786 9178.53032284
6371.33174557 10239.5252119
1075.63295977 9062.97917082
7094.91325262 11735.6598342
1079.27985839 11753.9218218
7429.69398909 11787.2212452
6326.70524066 9954.57455742
1023.41451158 7074.78054776
6370.93636852 7837.63204945
6198.39833167 11980.712769
1120.94248254 5895.65044747
1025.73379241 10496.6777323
8342.65906696 11809.1336641
11717.2878965 5553.79384419
1062.0414352 10718.9106457
11774.228838 9649.87857173
11864.0026116 5297.78655993
1145.20090092 10376.1929429
11875.6182087 7438.46752894
6490.37486272 11526.8684357
1049.28474172 11528.4691173
1180.03983703 7680.36464109
6378.35813654 5045.63503321
11877.832819 8130.50782636
11779.2538771 10619.6270314
1048.30058206 9187.96153692
6379.35549802 8625.72402466
11650.872247 9108.88480563
6574.35915611 5804.80287504
1263.07169453 8468.98874022
3302.44873898 11946.7940849
11878.6444705 10147.8160792
6320.62114854 6669.11284174
6485.82364363 11049.8970183
2165.80710125 11988.6509386
6132.45886576 11711.2393946
6397.08560135 8039.01191217
6314.85601235 6537.38402076
1052.04297369 5966.63070694
11403.9146437 11796.529507
11797.1170711 10613.3957419
10172.3536101 11903.8358605
6591.95509075 8722.05371309
6521.40041134 6302.81680933
9089.77174306 11988.5045804
1293.33882885 10168.7535155
11583.132214 11880.3188766
6460.20875084 9193.49544811
1204.48247855 7193.85346566
6582.72953438 11821.8583271
6466.36022742 10894.0902622
1014.38655 10854.4984463
11733.2609282 11025.2830758
1252.9807982 7891.59713925
11826.1031022 10348.0809373
7335.92420203 11784.7479037
6484.82978377 11173.646564
10155.6005157 9006.38533546
6813.52485234 3634.00173851
2763.42714533 3152.28643095
3927.48035811 1640.35018675
3628.44464696 2912.76339216
7645.54029587 8053.04479729
2404.10092852 3514.88635041
2351.19026906 4858.7014245
5151.78023383 8103.28627063
2821.04549291 10457.5103778
8926.37443449 2679.20486748
4879.54294567 7088.46429555
4447.71558452 3555.23546557
3161.93962155 3135.18973312
2624.09297049 9439.85440238
2418.08590371 5157.78335647
8908.5593954 7509.11415044
2424.3186229 6542.99389379
3047.1904705 8978.74540088
3608.57022456 8510.9408402
2476.40734688 3101.0399758
5585.1887174 1216.64821233
2353.72581026 5169.14031476
9138.67216221 7593.52518494
8465.95722644 2210.24622844
2991.64002914 6426.55442024
3589.88260968 7548.76244265
3745.02088332 2148.10379897
2829.78267487 9492.09141058
8897.0859266 5451.24633001
8956.13720836 2842.55632889
8686.08976186 8530.58099211
3171.94681461 6288.87453515
4033.45984147 7281.83065024
9685.94833291 2043.72102049
2769.8983437 3198.17150846
3959.10245319 6965.37728006
7788.90930161 5234.03242195
4527.8924397 1756.53829069
10313.7591195 2431.55792523
2472.34611101 5560.28956128
4243.16705209 4402.71899704
10478.456554 2775.00401908
9256.18622466 5488.52580409
5753.12073493 1225.73674932
4094.2466929 8410.48729709
7242.38871647 2797.19531653
3958.57750763 3695.26229685
3564.53402876 4290.63957558
8313.89166015 9441.80286742
2342.89976493 4805.42667606
9428.50705902 3912.54465386
10429.8558188 10487.2069172
7946.37338871 6438.14129263
3632.96394494 10152.3048066
8381.46211504 1881.28203042
2778.9492474 5877.65402616
3935.96125501 4319.88285632
4913.61466274 7297.99916483
8205.72360941 5111.36622797
7610.28574806 7207.4537084
9388.92814927 8387.40757841
8221.08395044 5540.68238187
5269.61905112 6448.8969447
4642.90465973 4631.85799595
8606.37736823 8772.37991784
10582.8449317 9440.73006007
2555.28520543 7921.5175622
3916.32850686 6981.32759138
4581.08071902 8766.36654758
10474.5126504 6580.92992432
5014.00862705 8513.51503247
10594.6820507 5862.06831645
3859.77886375 4328.19778213
4371.56782669 6407.68067263
5407.51351274 2146.86156957
2915.75271767 4538.7055479
10081.8887746 8657.81991638
10047.2851535 3898.59799764
4854.5378317 10517.5603042
3119.20342057 4809.9591293
4439.76723068 9319.3213009
8696.58981231 4211.78648312
4870.19391026 3892.91829004
8204.18711988 10121.9640829
4957.0165987 10439.1510833
5270.85503799 3794.72105985
3474.06137861 5733.26398668
8335.29010477 3698.20256414
5499.97671647 2068.36928283
3727.2935804 7580.85727723
3347.78209769 4849.00444702
4537.72809435 9450.48964246
4605.33048745 5883.89922662
10291.4302125 6453.37482563
8142.41354316 9311.31427916
3825.47995937 6064.53910477
10127.317491 2617.10678887
7853.03477089 4645.95972178
8543.90926258 8875.20449192
4935.26310979 9357.50041791
2529.01332494 5961.85717034
9730.62776943 8093.29684947
5100.76703207 4548.34997964
9042.25424808 6678.93826758
4017.83357618 6076.36135874
3953.91228313 3016.14780504
8217.50159751 1236.13865923
4122.99229884 5176.59568092
6823.79014865 3184.55664414
3237.3931513 4583.13250986
3055.29327724 10507.9317905
5895.69920763 3508.67620332
3026.71990518 5858.7684106
8170.47220102 4100.37172353
4744.1935711 2710.11032913
10355.3886444 4694.08656941
10357.1366432 8773.66779071
10526.9642298 2245.05978197
9103.61550138 10004.1229334
10363.908399 6757.55012463
2566.9004911 7333.73843334
8257.82097461 8579.59073695
4760.35374602 3308.88623678
9501.17507371 10395.6376095
5068.11604744 5417.99611704
8231.59529842 3991.59053944
6046.01169546 3492.74387094
3382.91452599 1309.78703585
6103.40437357 2835.94714071
2516.21015536 2134.2493174
3687.52607647 1819.01101535
10120.012144 2690.89428719
7671.92335373 5045.42812789
2661.97336768 8582.61276824
9525.7383406 1371.12934324
5962.44984976 3150.26798759
3289.86218037 6781.23781304
2888.52384452 7976.2486759
7742.9638008 1144.24709358
5952.20681556 1791.148465
9530.3200958 6604.5598352
4291.89130268 3140.30828362
9560.84351483 5435.71095806
5420.54607748 1498.71157514
9938.43577925 4376.21119068
9274.98454224 8259.95000647
3236.04216922 10361.672117
6045.596396 1320.90945498
5584.39487888 2597.01693688
2867.25006838 10525.1362069
8972.20791911 4753.95392829
7595.1226864 3542.2334654
10402.3895043 5725.44971074
9007.08912403 7482.07368923
10028.8881486 5995.78254257
3934.10647058 9204.35288421
5074.10239056 10680.434755
4468.45414186 7198.60280895
5211.08529384 8722.56620866
10559.6007454 4077.68282492
3281.93789648 5580.68667625
9959.64256438 3284.7548829
6099.21504362 3622.67992645
7890.27136547 6680.86500067
2543.74346873 5849.31732158
2574.73443376 8261.13353484
4215.31182267 6956.59337693
9745.12227008 9097.31053262
5001.7804989 1954.17532955
3343.65435842 8453.00439966
2727.29866966 6270.38052069
3553.01404405 1243.70462277
7644.46575773 1491.85653259
7103.74730292 2946.44006681
9684.98530801 2507.69759014
9183.7844342 1619.35914801
4360.66481997 7209.13095595
8656.19330886 3413.72866126
2571.67773 5722.3781846
4565.2214651 8799.38941433
2615.10862867 3116.74782965
5931.00084638 2505.05350941
2832.7980822 6637.25856326
4263.56472601 4867.71352259
6522.51960405 3522.50727444
10013.0632718 3872.23478805
3900.09970919 5799.26730115
7950.8712948 5813.39056685
9549.73819437 10312.8731746
2453.45553792 6143.17943643
9381.98209193 2779.07263839
3890.39419737 6254.51440071
8443.77305264 6407.28409652
3055.69375456 1174.841441
4248.46391754 9306.76775095
4551.25295689 1804.10656839
6129.76298678 1677.22208842
9410.40205534 6307.58141313
4213.27052246 6953.23526458
2661.98295544 9253.22502838
3101.38751109 6218.87693414
9425.53196431 2650.4026417
2773.4563408 5276.37127714
3399.06904307 6120.40989175
8426.79507066 3574.5776778
5244.63410235 7567.10183554
9353.74556043 8275.24164425
10269.8751188 6231.3757557
5456.779011 3098.7197315
8900.96437555 8488.04661814
5285.24767382 7101.19394133
2410.58482921 1513.3725352
4627.0551909 1925.79600337
9509.115053 4727.55901768
9455.0955832 5786.82275474
8244.77556988 9604.8578744
8474.67868133 3496.24847965
3923.49800461 3011.20174968
9406.89348342 4044.90112117
3405.45007999 4949.40345589
10532.3287432 8065.06461865
10299.9201476 9649.869173
4954.61497205 3761.62945473
2888.35767506 6480.08335213
5979.53411378 2715.32421415
6847.02595242 2660.51128546
4426.58853975 7067.41325611
10115.5547774 3455.04169761
5484.04349388 2015.31093092
8323.57195457 9099.66211138
8726.77295413 4723.22657469
4412.00292806 3412.47244129
9355.14779451 10638.2987216
6394.03206012 3642.88390571
5202.2472771 1014.10325071
2844.6173054 7740.13791706
3837.35204591 10188.4753416
3281.89411455 9687.7741369
10350.8653963 3094.39511665
3769.94106482 9999.41176967
4451.41379515 3727.41038898
9088.2193397 5746.27069413
8328.40083325 6011.97753016
8562.43235847 10437.000659
4951.54118344 3648.06435327
3936.06612476 8558.1947083
8306.61907027 4271.60450828
4557.12388087 2750.36538122
5045.87701263 5249.89086423
5084.3632734 5535.25321775
2707.79546363 1539.85758427
6943.48883758 2490.43901012
7372.50767289 2877.93357359
3253.3645429 6492.62371771
8410.89686512 9332.72649087
9369.03219874 6717.61501347
9687.34806461 3706.43182592
9130.19476175 7197.88742324
4030.54155155 7296.99737087
8653.19764179 7191.22032396
5540.47893739 3220.71150258
8588.9016086 7235.55400807
10442.6251099 2711.45424646
9512.87997605 6438.40671782
9754.6949068 1244.18206536
7979.57574662 5293.22131589
8923.42110666 10060.5978989
9850.57310188 4282.9393631
4452.28383695 5593.4910481
6522.24177828 1554.72529441
10569.4273368 10102.2908293
8445.56275955 2001.44727742
4306.82842626 2586.64946348
7567.02209526 2177.40995816
4941.22847959 1891.29465947
6137.18112463 2493.21918652
9479.97825328 5804.72290063
3872.85399318 8127.92193029
9253.6235578 8315.41862181
10429.2442768 1428.36333922
3567.70874406 7464.10672419
2454.0494015 8723.25135836
7473.82178345 1583.89623475
5266.31856005 5576.42271721
2857.30533914 9565.07675133
8051.20010579 4754.65025805
6217.14758941 2128.59502866
2378.15774866 1193.95057313
2724.88518319 2497.47843404
3373.03759125 10235.6367463
5804.61590757 3938.23378315
9280.0916957 8050.97007009
9985.74178182 9161.98583899
5028.52369654 7071.56516264
2998.00015906 1794.86620738
3058.89008494 2124.27324683
10244.7022267 9957.88328601
4668.04254198 4537.91048783
3001.45227146 7025.87947287
10130.0195888 4053.32725716
8888.9448491 4878.11816476
10045.4381152 3915.55452624
8638.17596972 9436.68138302
10488.7547131 8791.41081412
7862.40293122 5474.34065254
4284.19297095 10168.2433453
9819.16203968 9248.03190006
8190.20997843 3425.34903639
4096.09333787 8296.83470956
3343.24688107 7181.02786668
9911.85551105 1897.12533136
3036.74225979 6056.23872472
4334.29687697 2332.998924
8988.60708892 3016.24303489
8404.78223707 10184.5771333
2617.60219793 5263.4399318
4664.54024882 4623.10108237
6864.7237222 1308.41334507
10060.8142929 8196.48651158
3765.77538958 8536.48332126
3018.39691226 8386.95237786
6464.7408986 1681.68608364
10400.0253763 5956.08268011
6460.01393685 2541.16955368
8699.28713769 8840.68570523
4958.71328644 1920.89746493
9682.23704456 5997.42526557
5057.05792298 3091.59381018
7496.27879172 2192.23978887
8167.26977831 7601.65991386
9556.92299012 8494.57169225
8937.08472396 5965.35215732
3273.70724083 4566.50372054
5397.04865554 3911.26853144
4919.06063503 5371.10317998
3646.8674133 1787.56471672
3441.63424892 9482.73586571
5354.77372245 2437.40197247
3675.85878655 4851.99479199
4505.30713916 6046.3950244
4768.40086606 5243.03636584
7079.3522138 3956.72407393
10593.4081329 3159.23911227
2638.81772928 5535.43380056
7658.30386886 6008.5775346
5415.70519487 3926.51519086
8469.1253955 1636.83768734
10501.8874598 4440.41014195
9195.29720778 3306.60579393
8202.97163402 4359.69144953
10537.1605191 7699.87129416
9132.47971712 3433.64278475
4575.28112418 9636.42322336
8136.69884832 7375.05934409
2717.06692059 7068.31165797
10418.0568864 5761.15762454
9978.40811372 4035.96685591
8746.0695129 3229.86935991
9851.81970224 3488.39310695
9626.90608277 8636.29601601
3940.77468678 6890.24634362
8477.70408394 9323.65022293
8695.32299104 4210.72145433
10343.7543903 8643.87765106
4936.17987663 3037.26763798
6198.6839551 2175.52534741
10329.4678189 4212.21114179
8706.40822772 1884.34358997
8656.41614949 3273.52752727
10341.8470212 8097.37166304
6569.17337874 2974.92053542
7597.82503259 3819.08011007
4660.3421527 8412.51114109
3669.10645465 6294.71620809
5554.13678262 2571.81845227
8678.10537591 6646.76811509
3818.49745976 9561.59591897
10498.6824033 10512.1314491
7789.20228331 10641.6042966
6809.72162155 1836.53968761
8937.83056261 3252.77181019
7856.66891606 1793.7691467
9383.99491869 6593.37402601
2896.00022103 3232.78071965
8303.57168717 8631.15114743
4201.33328211 6555.12281727
2430.87893889 5713.09571491
9894.6656205 2627.48621125
5255.30572777 9987.68145155
5270.6328167 2975.33050932
9429.68183186 6401.56411493
6159.48515786 2052.56773789
2789.12980923 9293.95222019
9759.04936823 4380.79436535
9627.18274193 5356.62089021
4623.79546521 4470.38357771
4944.59052311 6637.92477482
9781.5187129 2855.88528752
8918.57329025 1903.41094252
2781.47707992 8175.91032041
6317.9685603 3428.19333648
3458.87959659 1216.59296592
7634.51904375 9097.83559704
5178.59110575 1424.62007258
4209.03297347 2688.75009009
7954.64571408 4578.18675335
9256.15335132 6324.61785651
7672.48423714 8393.32495935
3454.62293955 2071.52601155
5512.64503778 1936.94148155
9014.89969519 4534.58397443
5294.59563048 8488.76607523
4314.28241642 8616.6311439
5057.92966069 3168.12938953
5687.00887814 3641.53206672
4445.40130879 6133.64980497
10590.6156222 5314.97460035
8251.89952409 9475.0016786
3783.34675971 4538.99165198
2645.91282247 3457.74906641
10510.7514184 2029.02070147
9756.20912681 1043.59991049
7774.25486044 9858.51354372
3501.80550828 2819.21892969
10418.1622029 6187.82986473
9042.15634339 2735.13622672
3902.46687924 2557.92052168
7519.814872 3829.12674546
4112.01032243 2519.17411011
9849.60722429 4530.3963503
10331.909967 4565.73232378
8856.66724848 2597.96873143
10316.8239737 8829.25793009
7940.84127724 8656.41906609
2699.21229093 8096.98952743
9834.51118835 9480.64484762
10471.3390992 4488.70371401
3267.22778576 8064.22103933
7406.28972573 3485.66862591
3897.5386811 7444.250237
5269.82735969 3046.59872363
10556.8592087 2655.03530818
4984.83555513 10294.4136824
5043.54589588 9251.07604394
7509.81780124 3862.24135652
3174.01847347 8314.30773587
3680.94638408 5199.36062668
8602.99321533 2134.76997732
8422.16681746 2188.72490673
7677.028634 6257.0624285
2631.83675886 5026.65362693
5234.30407504 9829.12843246
6004.38275632 2382.73884317
3116.61584116 7318.41883222
8897.08511003 5382.20760565
9878.56331356 7615.57247818
9519.12716863 6952.02938116
2575.16057755 1283.85080524
2703.07414316 8362.39780364
8526.99927254 2398.1386741
8213.19874784 10639.4261297
8840.55454212 5706.04105512
6914.57183003 1277.74604232
4188.84194184 9410.53772244
5613.8358733 2006.10072802
7474.94213375 2040.41227991
3335.19670983 3812.35791888
9240.7303509 1558.65376633
5694.21877838 3277.77587776
4880.96391487 9131.63091802
9321.42973797 10095.6467655
2358.76142715 6547.44400467
3530.39156135 2238.64067012
4250.93985742 3438.52378292
7810.52021419 2171.61104073
4551.25979586 3629.7319012
10472.4085919 1204.86470034
3774.9360374 3047.78333523
8964.49411234 4009.86436473
2528.94866408 9885.35106731
3709.57421686 6208.58923937
10445.6368974 9031.28236412
7088.607513 3051.46135225
2465.19792073 5782.42208886
7077.07310527 3163.05301418
3676.32172341 5250.22756608
9544.90657028 6529.55135216
9924.14784397 8660.02429717
4506.46386045 9228.91196284
8113.98648127 7444.16409511
9303.86428723 8695.29551441
4684.29869414 4782.56797474
7956.34085329 1651.1506846
9239.4722258 2985.19405098
8025.85639202 1702.60603034
10148.3665518 8020.88395577
8873.02487665 8045.73153514
4213.12781424 2058.05102108
5113.984223 3751.40351628
12094.1586755 8681.67412893
1955.35088075 284.911793934
7589.43878305 12306.6617124
324.045571329 5128.440852
139.358639124 11941.4798549
12253.7438289 8923.67072506
4248.88769882 706.29918842
12736.7373735 7189.41084362
12323.6627812 2397.35813156
12812.8218058 1595.19874857
244.901642014 12877.8844223
1288.86149181 12604.2298044
248.564634331 230.039164206
12388.6904762 10765.780359
6052.6370094 12872.6980087
552.639098755 6290.69233781
858.545211117 8158.9639601
12288.1879719 7009.92167726
12777.2566707 4459.27144464
671.594978963 3779.31052518
11269.3183596 73.8428292408
62.2909171513 9820.1631937
987.277927241 6401.51131114
12243.2976208 4617.24622451
12206.2579694 593.777801528
19880.4797738 3538.76916299
19717.6522141 2786.30942469
17777.2539824 3997.49372789
19340.9815017 2574.56902536
19597.4783078 3257.02800649
17877.1555526 2265.06939131
19499.9374731 1910.04056539
17263.7336025 3148.43232691
19937.0893444 3290.80403104
17623.2554129 2519.14859514
17223.5603606 2806.4017664
17566.4290239 3065.43683278
18805.9675804 2524.92013456
17545.6697603 1587.98072798
18117.4750724 4091.20836193
18704.338825 3513.67125905
17733.701654 3717.57939474
19461.5310601 1738.58115616
17196.0799905 3405.73635938
17403.3201336 3060.46234918
19514.2371974 1573.20647076
18553.4772087 1503.32746739
17502.4758368 4065.82546752
19815.732653 4286.01629991
18717.5321027 4397.78144681
19622.7465686 3236.28392395
18797.3975303 2597.53853301
17296.5798807 2319.64582928
19999.1559256 3561.1183953
19923.6738641 2931.79988849
19791.8527741 2835.7667038
19687.637615 3789.39135646
19576.9018232 3152.93459439
19469.9440199 1986.53230252
19138.3653356 1734.55041177
19532.6401375 1680.79374037
19366.0848137 3363.21407562
19014.6675788 2084.27175334
18844.618227 1987.25092078
19353.5676152 2259.44558258
17295.7694788 4034.672711
18767.8914991 3043.62510663
19085.4005267 1701.71361376
17908.8118466 4337.09814031
17511.321508 3796.93304671
17981.3649495 1768.67353319
17964.1726405 1592.2523047
18828.1833 2432.95921331
18719.7476329 1516.78969782
18699.8116321 2782.43245431
18986.73886 4088.55932979
18987.7487955 2235.32087482
19340.846784 3273.55357548
17324.4475649 1885.66289295
17472.4376866 2690.97893406
17284.0974893 3410.19864455
19541.0578897 2669.35608506
20036.4174923 3455.02604352
18954.2703642 4490.06615683
19261.8831433 3655.05995044
19783.5580224 3099.30676743
19264.0519046 3962.19042432
19678.788525 3664.35912025
18148.2887009 4062.84527893
19598.4314384 2776.60515659
18362.3688844 1663.95425224
19820.3024246 2676.76341641
18448.6276095 2743.13956937
19546.4262932 2972.83736007
19996.1162389 3410.46878771
18529.319975 3725.76132558
18180.7651175 4267.52709905
19808.850866 1548.32255003
19886.3055606 2650.73911416
19528.596768 2948.62002205
19863.6011099 1636.91217385
19203.5204418 1506.93663909
18141.2574548 4001.98360203
19780.7490521 3043.75192918
17950.0952853 3712.76973688
18987.0313824 4318.03912518
18013.4628632 2367.06504057
19819.7163651 3017.9069493
19387.2570166 3950.64847974
18875.699966 2478.67159923
18429.1106869 2908.5663104
17210.3417756 3908.42020076
17639.8690718 3078.02672349
18204.5347683 3814.70535931
17257.47968 2657.23737695
18275.1079537 2559.26010967
20063.9314348 3801.75917569
18747.0290968 4171.76192268
19767.3386415 4126.60327466
17455.6961033 2310.65667749
18925.6394467 4405.7516333
18288.1378155 2143.9223456
19204.5486485 2866.40627666
17192.3439457 1937.56627592
17543.9560087 2849.33665396
19489.4187249 2260.19211168
18946.1301535 2732.3926117
19399.0662783 2078.63882805
20056.7168603 4219.45404421
18780.3826753 3726.97193753
17203.308173 3082.46300669
17552.6718462 3197.07665183
18304.2984711 1505.76887315
17248.2785856 3366.3965401
17207.4091628 3590.53585847
19588.1462203 3196.70827427
19339.1582132 2695.84506901
18372.7026037 1757.87821565
18220.9424449 1866.34225838
19306.0084292 3929.24998159
19114.9740895 2253.40117426
19685.5354144 1788.00605905
18599.1937205 2427.04451831
19791.4681273 2620.61943759
18757.5637538 4399.37826346
18418.0012307 2695.48436987
19836.7618356 3792.16245618
19572.2115899 2333.5240131
17684.8074035 2952.17268368
17413.8435826 3122.79267599
17895.568936 2642.09960899
18652.0859261 2210.76946859
18784.2763741 4095.07548912
19041.7979238 3387.13426641
19913.6037785 2806.57500627
17501.8055496 3107.72343983
18995.7843471 4287.01668268
18918.1865222 3614.03794105
19122.0264529 3384.89404256
19086.1838172 1925.99749123
17447.0072671 2698.35874232
19411.0694642 4156.24830634
19178.095075 2979.17809648
17997.2671236 1807.65564176
20067.0425855 2179.76435995
19715.1337718 3567.81366224
19732.9391142 1586.53806604
17309.4239838 2923.68235338
17511.6372868 3103.58696419
18702.3926536 2635.18611042
17118.8727717 2543.29904017
17121.1888534 2095.02448745
18220.9478223 3552.37029664
19609.8062746 4142.47976283
19078.1399535 3425.49418379
18924.8956908 1988.90508848
18334.269577 1727.82616197
19661.2114234 3317.66037495
17702.0624212 1507.30941052
17567.5639685 4296.09047839
18285.9259338 4248.99291952
18362.8035403 2391.07363891
17909.0413515 3954.31341435
17404.4259221 2428.08987528
17206.3703394 1777.80056982
18797.1124955 2307.53006929
20081.6347583 2905.20741064
19122.2234324 2964.45744545
18090.1273786 1552.77491851
19965.0731057 2003.80754631
18670.7556349 2914.37576717
19575.7284957 1916.58489376
17275.8340275 1786.75468881
18483.9853102 2417.91562439
17173.5687808 3955.47195865
19100.2540965 3916.57525513
17251.8010908 2637.96011889
18564.3574469 4353.72653906
18409.2535235 2340.65630685
18165.8954553 1809.2587538
19458.385422 4419.08453026
17325.5751702 3771.84155854
19529.0710628 1716.49555392
17190.1323456 2641.05141827
19550.1919152 4414.51691514
17535.0371626 4102.18282988
17312.0521536 3771.50321226
19821.3263371 2634.5749193
19372.6891312 2044.51189942
18397.1812127 4242.01782292
19847.4129985 3771.29410129
19158.7125144 2429.97694981
19057.2984234 3322.98413624
17552.9335604 2329.75107484
19478.3589571 2931.64982581
17565.3779222 3257.14971805
17472.5621573 4439.07363748
20036.5228371 2578.32993189
19046.9765064 4095.78092365
18543.6411125 2835.45865037
17558.370619 3876.45047386
17784.436018 1765.96355045
18370.5948752 3728.53830297
18831.3677146 2358.83024002
19018.8894664 1746.50448393
18411.5269021 3683.8139548
17187.4053264 3893.83689886
18683.9592557 2259.39260058
20013.9067925 2549.98022809
19784.9300829 2445.84506685
18523.2172842 4207.03782896
17805.6149275 4410.66837458
17535.9364342 3823.1775156
19569.600922 2582.19451892
19035.3561723 3716.91708624
18462.1856926 2280.29560311
17238.7080363 2139.71607644
17709.0613983 2221.73070148
19834.9649764 3871.09069515
20057.632118 2173.95449048
17997.7649455 4351.88515061
18955.1550241 4462.11460172
18414.5435397 1977.56854908
17711.5506198 4235.36823206
20089.5509427 1764.78645247
19700.6150656 1746.55823299
18227.1170121 1693.36321298
19059.0033776 3077.32280272
19419.6566931 4330.31208034
17284.4071411 2027.75132237
18794.8894888 3303.87259515
18047.6567175 1551.16095072
19655.8388926 1557.59327828
19946.4034719 2357.14440305
19756.0332018 3053.95866639
19404.8985065 3474.50350088
19930.8579216 1625.03107633
19739.9514311 3724.20608168
19298.2413738 2345.32047388
18219.4059342 2650.80756321
18171.3153192 1670.52620555
17563.7509746 4460.16795942
17252.0663692 3338.49126231
17150.2379999 4131.38803274
19407.5266934 2305.91700533
17336.5912315 1612.5522509
18797.6050042 2487.41699296
17592.5063387 1887.33483708
18182.6911797 2065.04516205
17305.6420999 3425.38379788
19866.9818971 2243.551962
17732.353834 2594.56956978
19213.7223654 3920.75075045
18231.1569621 3978.86443648
20089.6063856 4230.15072979
17706.2233916 1572.16582221
17106.9300667 2966.71535643
18807.5827543 1985.96095811
17881.6025439 2420.9311999
18867.3337705 1744.76878614
17124.16975 2887.78516989
19060.2020037 3644.20544775
19589.2317836 2933.5701569
17140.9034987 3769.68037417
18987.1799706 1881.25918114
19026.3059044 4289.12896634
17122.2178037 3439.14886812
19487.6188767 3466.84702403
19433.7133681 3025.35370973
17107.2643175 3819.64620284
17428.6501548 1749.39758439
17104.2305007 3643.31752962
19429.7388646 3878.11890279
19024.6236548 3601.30544377
17694.560771 2538.72928211
19945.1785703 2682.80818705
17217.8851344 2093.2934953
20025.7395113 1884.11573774
17926.6032992 1964.54092647
19288.496948 1810.7587802
19287.6597358 1573.91512676
19490.1327499 2194.96609361
18108.3765557 1510.73678345
19129.0999512 4405.30637082
18805.5103881 3499.1714703
19778.3676682 3120.38513216
18185.9695279 2722.13662391
18139.8136889 3892.47083009
19690.2282132 2693.28284331
17621.1429157 3694.65232043
17837.0153407 1524.46630829
19887.6946424 2661.95208018
19031.4366336 1589.38250849
17253.0749927 3505.6478284
18554.5038586 2966.95650267
18816.9783214 3103.98239446
18766.8180595 4218.07508811
17994.1365274 2500.29741652
17463.7219248 2432.48164896
17973.8418175 4098.98887834
18977.0336419 1831.76542342
19816.3480835 2228.94039757
19062.082393 2489.67512496
19802.7008535 4048.36661907
17578.9427229 3568.39394616
18517.5917917 3004.46147648
17424.9355916 2209.47342413
18993.1174141 4196.92090231
17222.9376119 3568.4771063
18401.5492451 3957.4852947
17583.8072289 3034.56131296
17321.2081223 4283.45305063
17429.8968016 3282.5289891
20047.3431186 3366.10093247
18653.2722212 1888.91674657
17766.8727177 2266.22981481
19777.2077225 3615.67010079
19674.1517686 4183.21840899
17205.0507427 3356.97115751
18719.8443368 3193.83217283
17204.9089087 4052.60835812
19310.9649043 4262.236978
19027.7636447 3448.56905635
17370.986581 4428.33367533
19851.7644443 4272.52122452
17340.4467489 3635.94640344
18468.0197848 2407.10438436
17504.4694228 1839.94189867
18305.5239628 1816.71183374
19255.0930724 2380.12743809
19448.4966469 3659.20032963
19343.34744 3980.01893922
17634.8463732 2534.43773722
19671.3063203 4346.52430494
18644.8611784 1745.2394356
19623.3935608 1586.81799514
19521.0851773 2273.82980954
18690.7758506 1534.92581252
19146.7253375 2147.84344255
17246.7839121 1754.14840298
18725.9361424 2103.53357555
18596.2412516 4137.79622668
19764.1542169 4499.36386771
18064.9185385 2872.98125009
19297.6946069 3285.84979554
17884.0575458 1796.9287613
17159.8245665 3482.02943193
18718.9180196 4359.98593466
17386.6042547 4016.39474048
19560.4986935 4190.60646817
19380.6583155 4035.93430813
18151.1663811 3163.94798238
17470.8798054 1702.70763435
17379.9302831 3030.99224234
18258.9590838 1664.95129126
19540.9639182 4168.64307069
19629.330395 2359.80202675
19847.67457 2180.16335497
18047.9853432 2328.15949313
18613.7674536 2327.61325122
17764.7433433 4099.12788698
20080.322929 3058.94642462
18007.1309415 2568.93292559
17832.0915451 3055.70482723
19276.0953894 2309.44994602
17888.3862932 2124.70454923
18311.1439327 1535.58476842
19067.436562 2472.35274345
17718.989987 3267.10674918
17632.4968241 2879.46422284
19644.0533799 3967.91892181
17878.7991172 1600.48456296
18308.3638645 2992.31687
17385.2724345 3625.58607648
18063.8529559 1763.06378832
17523.1161705 2955.53017901
19440.6990129 4005.93234733
17947.5048024 3550.60978039
19702.7228795 4018.23670648
19193.2459269 2976.36541108
17229.9732828 2750.96534945
17193.2133001 4495.39730201
19954.9763183 3726.90780159
19771.6104923 3989.23723416
19838.4081031 4397.90548989
19753.8787143 3959.61660763
18899.8022691 4087.30270317
18159.6360118 2087.82796792
19707.5895114 2208.48332162
18625.6800926 2328.14114569
19962.3213832 3927.09432918
17300.822886 4143.51258695
19276.4515559 2507.89754745
17894.1782229 2783.69751935
19721.0021533 3355.37531069
19754.2614383 1653.30836464
18748.6731207 3006.59954285
19837.9254145 2874.53800696
18514.2080691 3513.92075767
17272.7654777 3163.61664699
19832.551296 3592.17104231
17433.1145441 3226.00545217
18242.8027911 1598.30553703
19822.8571123 2443.0046867
17658.3039317 1797.55322676
17531.8614106 3340.57117901
18639.8814257 4117.30600684
17253.6476099 3225.89261568
18600.3728001 3104.59469419
18328.8257611 3051.35439978
18542.7153246 3454.55059555
19309.0855175 3187.65897003
18116.8873978 2360.10584859
20024.8614893 3775.11996721
19008.6945128 3100.72751972
17909.3166234 4410.93106871
17195.6064473 3409.77293501
17652.3877401 4163.24778753
17624.4850499 2312.32727961
19172.6153762 1785.28330595
17667.7431502 2232.18927558
20020.4197429 3940.99929335
17500.9441943 2599.25894499
18677.4106546 4321.58898068
17664.628409 2246.77848757
19522.3858846 4475.3110538
18753.6241217 3426.43512808
17522.156014 2369.664054
19474.4995949 1844.74105053
20017.9322837 1561.07005938
17714.9375428 4137.3779787
19805.9587292 2717.82780166
19054.5651782 3685.25070435
18027.8720436 4405.16934209
19634.9242861 3017.28583655
17938.2216135 4133.57336064
19248.6144688 4083.43674807
19347.3800504 4258.20298707
17489.5991058 3106.14689618
17103.4582732 1855.26294734
18128.0599461 1994.91578799
18735.0889793 2835.19345328
17185.2521907 3472.20664468
18502.4413901 4396.02647406
19488.3380933 3800.96545254
19157.5452057 3580.13278713
19615.3257429 3073.82879695
19117.521315 3501.73679888
18801.9977092 2367.7016951
19659.1293127 4332.94905529
18045.6238292 4312.25100469
17261.9629139 1927.43471028
19931.2090624 3490.49304861
17543.4542003 3504.42889905
18057.8722561 1607.61499356
18636.2485383 2335.84598798
18976.7972797 3878.27084676
19852.4177815 4288.4705688
17306.5683429 3127.90067878
19452.188044 4017.16046075
19695.791373 1732.77399563
17396.1456756 4313.80024525
17552.3201319 1945.10404904
17279.6708297 2817.67042349
20084.1685499 4060.80565095
18005.2625401 2291.87932521
18138.682614 2983.56994524
17983.3137947 3922.39553335
17170.3073988 1692.07630019
19729.0908475 3993.61680563
19115.1606771 2842.64095762
18947.9047175 3158.58148828
19258.7515881 4076.81842671
19533.3305527 2931.07761898
17196.4408902 1555.23334108
17856.5439293 3901.88122637
20086.7349225 3671.23079328
17882.6744549 2681.81820668
20052.6822404 2066.73654904
19223.6502834 2592.5030267
17963.2335584 2700.86792119
17610.9303583 2821.39129997
17774.0997038 3108.74885097
18468.1213386 1577.40534428
19286.8208975 2065.96478576
19467.5264348 3264.34106751
18801.9527759 2661.54866213
19351.7396297 1940.50566316
18774.5043126 2145.78984285
19233.9436896 2074.01906804
19241.0712117 3093.43578703
19818.7603732 1507.93136484
19864.6300393 1910.97832194
19219.8017575 4067.23554304
17519.9356662 2998.76304667
18039.719057 1623.27911599
19520.9963028 3781.11241576
18328.0953143 1530.21035838
18054.312211 3488.5815103
19778.9288904 4078.53131925
17791.6957195 4425.40590871
19514.8642203 4337.73265512
17868.1464861 2822.01738783
19936.665119 2469.52109166
18677.9246689 3101.76965489
17787.6539196 2491.67261665
19177.5504614 3256.4286286
18904.867422 971.82413261
17772.5659747 2279.85367892
16690.4780991 2770.18596903
19418.3375804 4389.58330149
20233.9590185 2454.94520222
18690.1869097 3469.31586169
20277.1435575 3371.92820074
20033.8123642 3885.03264232
17738.1420898 874.725406342
17163.5963273 922.848758786
19162.2427977 1483.66019093
19077.8125733 788.244245665
18571.9230492 423.446135127
18836.534055 3836.41433736
18870.5813873 2974.74228051
16544.4525579 1409.63013423
19345.9067478 2435.66830636
18069.6720721 3844.07826758
16681.3834551 1205.08119092
18771.4652088 571.920599593
20720.1482576 1892.3732414
19017.3544103 1526.35594706
18018.6106036 1642.9392081
19026.5723496 10223.1976016
18935.9177415 10791.3188007
19657.3237158 10007.169107
17146.8378872 11961.7789104
18514.6394469 10864.5081502
17353.9628303 10182.0643451
17869.6472582 10220.116468
18176.8482764 12005.8130801
17951.0359277 12514.0777776
18578.690892 11336.6137914
18589.2301291 10315.5637694
19404.2267073 11890.4039681
18672.3808279 12763.2115658
17289.678476 11127.6575264
19179.0969721 12936.9953738
17783.1460202 11309.9084818
19549.49085 12542.2422949
19512.0599476 12271.8423987
19609.8743203 12431.6013958
19506.2029793 12500.3818402
18784.7820071 11474.685838
19063.5975391 12684.532208
19820.8366118 10442.2435415
20035.6688522 12650.6705929
17150.2375216 11837.0538516
17274.9447103 11989.0172847
19889.5272395 12851.5801149
19252.4099692 12192.3195669
17625.4003359 10192.5556829
19456.2232294 10425.1349879
19867.3694482 12945.9680666
19557.9826722 11355.7688774
19629.3188329 12027.6320335
18157.5669995 10417.4157413
18572.327217 12324.8996971
18054.2631155 11195.8472256
18491.9005263 11432.5206415
18071.0155771 12896.5844609
19717.887166 11316.1354775
18535.833111 12753.8193918
17878.880562 10855.1158591
18542.4330768 12830.8662411
18195.3922261 10001.3684134
18837.8281441 11231.9297712
17370.0517712 10870.6062611
17653.4573134 10035.0709735
19708.9387009 11192.5568386
18296.0345408 12237.3100795
18850.9498925 10426.7952531
19274.0868676 10738.1334517
18930.7110839 11241.1676193
20414.0515579 8938.38598906
16542.7211072 12751.7891243
18283.1660892 10560.3994847
18504.3586672 10534.8713329
17530.2321792 10207.0511154
17971.1924666 8929.26772845
20369.7457609 11477.7203863
18433.3344774 11111.8068601
20220.1455011 9626.11910721
20586.9771575 11237.2466317
20664.4758236 10432.495489
18787.7913788 11436.3705863
20635.0028764 11446.6398731
20552.50917 10988.5307016
18101.6591934 11157.8908199
18868.308696 9237.50781626
18507.4773631 10184.0060219
19547.4772293 12199.8293202
19410.0471441 9400.83746768
19123.3821927 11906.762052
20765.0017567 12770.8291514
16474.900031 9621.37500884
20235.2732628 11488.7251267
20032.4814439 11277.7419726
