#0
0
6
25
40
81
120
130
53
19
20
62
99
151
141
56
49
78
100
103
119
124
134
142
155
162
168
3
38
18
95
112
117
135
169
176
188
191
76
15
51
74
52
75
77
67
27
23
46
80
102
108
116
33
60
88
36
7
11
13
14
24
41
64
84
89
35
47
69
97
101
109
118
121
122
22
123
28
29
4
9
34
48
55
59
61
72
73
82
85
86
87
94
26
5
30
31
54
98
104
110
111
65
126
127
128
131
136
138
139
140
143
145
148
149
150
154
156
157
159
172
173
175
177
16
1
39
43
10
32
42
44
58
79
90
96
106
129
147
153
158
160
164
166
170
171
37
50
133
178
180
181
183
184
185
186
187
193
195
196
197
198
199
201
202
17
57
114
93
105
113
165
174
189
203
204
205
206
207
208
209
210
211
212
213
214
215
216
217
218
219
220
221
222
223
224
225
226
227
228
229
230
231
232
233
234
235
236
238
239
240
241
242
243
244
245
246
247
248
249
250
251
252
253
254
256
257
258
259
261
262
263
264
265
268
269
270
271
272
273
274
275
277
282
283
284
285
286
287
288
289
290
291
292
293
294
295
297
299
300
70
12
107
152
163
91
8
66
2
45
71
92
21
115
68
63
83
125
132
137
144
146
161
167
179
182
190
192
194
200
237
255
260
266
267
276
278
279
280
281
296
298
301
302
303
304
305
306
307
308
309
310
311
312
313
314
315
316
317
318
319
320
321
322
323
324
325
326
327
328
329
330
331
332
333
334
335
336
337
338
339
340
341
342
343
344
345
346
347
348
349
350
351
352
353
354
355
356
357
358
359
360
361
362
363
364
365
366
367
368
369
370
371
372
373
374
375
376
377
378
379
380
381
382
383
384
385
386
387
388
389
390
391
392
393
394
395
396
397
398
399
400
401
402
403
404
405
406
407
408
409
410
411
412
413
414
415
416
417
418
419
420
421
422
423
424
425
426
427
428
429
430
431
432
433
434
435
436
437
438
439
440
441
442
443
444
445
446
447
448
449
450
451
452
453
454
455
456
457
458
459
460
461
462
463
464
465
466
467
468
469
470
471
472
473
474
475
476
477
478
479
480
481
482
483
484
485
486
487
488
489
490
491
492
493
494
495
496
497
498
499
1001
1002
1003
1004
1005
1010
1011
1012
1014
1017
1019
1022
1024
#1
500
531
507
514
523
533
545
562
568
569
584
597
618
621
517
559
561
585
638
642
656
661
670
593
692
702
704
615
576
521
663
715
723
724
726
752
579
592
616
675
738
758
761
763
768
772
777
782
513
577
614
646
605
526
510
539
648
684
707
712
785
792
793
811
812
820
611
650
759
516
529
537
613
542
600
623
640
628
608
652
666
688
700
706
725
747
740
530
503
609
551
506
527
532
557
508
565
573
602
610
626
629
636
649
689
691
698
705
709
525
543
549
639
711
717
732
739
750
751
757
760
767
774
570
575
651
546
504
587
631
632
669
677
556
535
630
647
667
664
540
553
563
697
708
720
722
727
728
731
511
583
505
509
567
538
522
555
519
558
571
582
586
588
595
599
671
682
685
713
695
603
598
524
502
654
693
730
733
735
736
617
665
619
742
745
754
756
762
766
769
770
775
776
781
783
787
788
789
790
791
795
796
797
798
799
801
802
803
804
805
806
807
813
817
818
822
825
827
831
834
835
837
838
841
843
845
846
604
729
821
847
853
855
856
515
501
528
574
580
591
612
658
520
674
653
560
590
518
552
581
622
634
637
679
683
564
512
554
596
589
606
541
620
624
633
641
536
548
572
601
645
644
657
668
672
676
550
594
578
627
643
680
635
660
547
662
681
687
690
701
710
714
544
659
696
655
703
716
718
719
721
741
743
744
748
749
753
755
764
765
771
773
778
784
786
794
800
808
809
810
814
815
816
819
823
824
826
828
829
830
832
836
839
840
842
844
848
849
850
851
852
854
857
858
859
860
861
862
863
864
865
866
867
868
869
870
871
872
873
874
875
876
877
878
879
880
881
882
883
885
886
887
888
889
890
891
892
893
894
895
896
897
898
899
900
901
903
904
905
906
908
909
910
911
912
913
914
915
916
917
919
920
921
922
923
925
926
927
907
566
625
686
734
534
673
694
737
607
678
699
746
779
833
884
902
918
924
928
929
930
931
932
933
934
935
936
937
938
939
940
780
941
942
943
944
945
946
947
948
949
950
951
952
953
954
955
956
957
958
959
960
961
962
963
964
965
966
967
968
969
970
971
972
973
974
975
976
977
978
979
980
981
982
983
984
985
986
987
988
989
990
991
992
993
994
995
996
997
998
999
1008
1015
#outlier
1000
1006
1007
1009
1013
1016
1018
1020
1021
1023
