#0
502
504
505
509
519
522
524
535
538
540
553
555
556
558
563
567
571
582
583
586
588
595
598
599
603
604
630
647
654
664
667
677
682
693
695
697
708
713
720
722
727
728
729
730
733
735
742
745
756
762
769
770
781
787
790
795
796
798
799
801
803
804
817
821
827
837
845
857
858
859
860
862
869
878
879
880
895
897
899
906
916
917
929
939
943
946
947
951
953
958
960
965
967
969
973
975
985
989
992
993
994
1000
1008
1016
1023
#1
1
10
16
32
37
42
43
44
50
58
79
90
96
106
129
133
147
153
158
160
164
166
170
171
178
180
206
220
225
241
242
249
256
284
290
295
301
307
309
310
322
324
325
336
338
344
355
360
373
380
395
396
436
445
450
460
467
473
479
488
490
498
510
516
526
529
537
539
605
607
611
613
623
640
646
648
650
678
684
688
699
737
759
783
811
820
835
838
853
884
924
926
952
954
955
962
968
1002
#2
503
506
508
511
525
527
530
532
542
543
546
549
551
557
565
570
573
575
587
600
602
608
609
610
617
619
626
628
629
631
632
636
639
649
651
652
665
666
669
685
689
691
698
700
705
706
709
711
717
725
731
732
736
739
740
747
750
751
754
757
760
767
774
775
776
780
788
789
791
797
802
805
806
807
813
818
822
825
834
841
843
846
847
855
863
864
865
866
870
875
882
887
888
894
896
900
904
905
908
909
910
912
919
920
922
932
934
935
937
940
941
944
945
948
949
959
966
976
981
982
984
986
1006
1007
1009
1015
1020
1021
#3
3
15
18
38
49
51
52
56
67
74
75
76
77
78
95
100
103
108
112
117
119
121
124
134
135
139
140
154
168
169
188
191
195
198
199
207
212
213
214
215
216
219
221
229
231
236
252
257
268
269
274
275
282
297
299
306
312
321
326
330
339
349
351
356
362
364
366
367
370
371
382
389
391
404
407
423
425
437
446
448
451
453
455
477
480
496
541
550
578
589
594
596
606
627
633
643
644
645
668
672
676
680
681
743
748
753
765
771
786
810
815
819
829
832
842
844
850
852
889
892
898
903
930
933
1004
1013
1017
1022
1024
#4
22
35
47
69
87
89
97
110
122
123
136
148
157
172
173
181
187
196
203
209
222
224
238
246
273
317
319
327
328
337
346
357
361
369
375
378
386
392
405
417
418
419
430
454
468
481
638
1011
1019
#5
39
54
65
111
138
156
177
185
186
197
204
250
305
354
365
394
421
461
466
469
495
500
507
513
514
517
521
523
531
533
545
559
561
562
568
569
576
577
584
585
593
597
614
615
616
618
621
642
656
661
663
670
675
692
702
704
707
712
715
723
724
726
738
752
758
761
763
768
772
777
782
785
792
793
812
831
867
868
874
877
883
885
891
893
914
928
936
957
963
964
971
972
978
980
998
1003
#6
0
6
19
20
25
40
53
62
81
99
120
130
141
142
151
155
162
176
211
228
235
239
245
247
248
251
254
261
265
271
283
286
293
304
313
320
329
340
343
350
363
372
376
388
399
412
413
422
428
452
474
475
486
489
501
515
518
520
552
560
564
580
581
590
620
622
624
634
637
653
658
671
674
679
683
687
710
716
719
741
744
749
766
773
778
794
809
814
816
823
824
826
830
836
848
849
854
856
861
871
872
873
886
890
901
911
913
915
921
923
925
950
977
995
996
997
999
1012
1014
#7
7
11
13
14
17
23
24
27
33
36
41
46
57
60
64
80
84
88
93
101
102
105
109
113
114
116
118
128
131
145
165
174
175
184
189
201
202
205
208
217
218
223
226
227
230
232
233
234
240
243
259
262
264
277
285
289
291
292
294
300
308
314
331
333
334
335
342
345
348
352
353
368
377
381
383
384
385
400
401
403
406
409
415
420
427
432
434
444
447
457
458
464
476
478
491
494
547
548
572
601
635
660
662
718
721
764
784
840
851
881
956
974
1001
1005
1010
#8
2
8
12
21
45
63
66
68
70
71
83
91
92
107
115
125
132
137
144
146
152
161
163
167
179
182
190
192
194
200
237
255
260
266
267
276
278
279
280
281
296
298
311
315
316
332
341
347
387
390
397
398
402
410
414
416
424
426
429
431
433
435
438
440
442
443
459
462
465
472
482
485
492
512
528
534
536
544
554
566
574
579
591
592
612
625
641
655
657
659
673
686
690
694
696
701
703
714
734
746
755
779
800
808
828
833
839
876
902
907
918
927
931
938
942
961
970
979
983
987
988
991
#9
4
5
9
26
28
29
30
31
34
48
55
59
61
72
73
82
85
86
94
98
104
126
127
143
149
150
159
183
193
210
244
253
258
263
270
272
287
288
302
303
318
323
358
359
374
379
393
408
411
439
441
449
456
463
470
471
483
484
487
493
497
499
990
1018
