2075.36
247.225
183.688
169.747
169.747
169.747
169.747
172.223
172.223
183.688
189.808
217.166
223.549
247.75
247.75
206.019
206.019
174.593
174.593
198.223
198.223
248.808
197.6
137.754
116.009
116.009
116.009
116.009
124.875
136.038
139.854
151.728
112.651
78.6796
78.6796
78.6796
77.8227
112.651
130.721
208.622
250.922
250.922
284.282
253.352
220.687
200.746
181.22
181.22
181.22
189.021
189.021
200.746
200.746
226.57
226.57
166.845
152.753
136.01
122.178
122.178
105.199
105.199
105.199
109.472
131.592
137.301
157.024
160.141
157.172
157.172
157.172
157.172
174.847
160.613
160.613
160.613
151.751
151.751
151.751
217.534
229.089
239.21
239.21
239.21
314.147
314.147
322.024
339.537
182.095
121.552
114.328
114.328
109.53
109.53
109.53
118.49
118.49
157.038
168.182
170.841
182.062
182.062
190.347
190.347
224.397
216.36
175.516
175.516
175.516
175.516
213.497
249.652
249.652
208.725
208.725
200.476
200.476
200.476
208.725
220.564
228.368
213.366
213.366
175.179
175.179
150.579
101.341
101.341
101.341
101.341
101.341
105.29
139.172
161.972
175.179
175.179
178.31
182.459
189.106
153.674
153.674
153.674
153.674
142.581
153.674
99.2171
99.2171
99.2171
99.2171
123.754
157.595
157.595
157.595
146.35
146.35
146.35
120.85
120.85
150.89
157.226
201.853
208.286
208.286
208.286
246.789
266.741
288.18
288.18
296.47
276.799
276.799
198.345
178.5
178.5
178.5
178.5
178.5
198.345
334.728
157.818
157.818
157.818
157.818
124.438
151.279
212.203
263.34
244.424
237.093
237.093
237.093
237.093
219.605
219.605
212.154
243.232
254.65
181.802
181.802
155.721
155.721
155.721
156.587
156.587
166.187
171.851
171.851
171.851
177.104
177.104
217.283
281.81
243.152
243.152
243.152
243.152
322.606
318.375
208.572
208.572
208.572
208.572
243.509
202.579
180.316
180.316
147.269
147.269
145.894
179.09
201.145
202.879
216.534
216.534
216.534
203.573
190.75
167.592
152.108
148.88
148.88
148.88
148.88
148.88
149.103
152.108
161.629
161.629
161.629
173.28
180.402
157.149
157.149
157.149
157.149
137.61
137.61
112.092
112.092
112.092
113.908
113.908
113.908
113.908
165.505
175.212
197.452
197.452
172.261
134.395
134.395
134.395
173.442
173.442
216.534
210.646
343.882
306.824
304.419
250.595
221.753
172.36
172.36
172.36
175.079
199.637
232.488
285.19
285.19
282.87
255.446
144.821
144.821
144.821
111.912
111.912
167.85
190.069
228.477
228.852
210.096
164.746
164.746
164.746
164.746
197.177
197.177
158.941
158.941
158.941
197.964
203.071
226.471
248.342
248.345
257.988
257.988
257.988
216.143
125.767
125.767
125.767
125.767
125.767
209.819
269.967
265.695
217.349
203.171
113.917
113.917
113.917
113.917
113.917
113.917
168.762
217.349
217.349
219.295
197.122
166.749
166.749
153.097
153.097
145.87
178.482
203.724
177.587
143.008
143.008
143.008
143.008
127.706
153.783
235.074
265.695
266.011
355.82
313.483
234.135
225.489
190.798
190.798
225.489
194.135
81.9151
81.9151
81.9151
81.9151
81.9151
107.02
138.904
164.597
306.222
252.494
177.951
177.951
177.951
177.951
228.131
237.026
237.026
237.026
161.402
161.402
155.571
126.514
126.514
126.514
126.514
126.514
126.514
126.514
161.402
161.402
164.246
176.727
157.732
118.45
118.45
118.45
118.45
135.968
145.217
145.217
157.732
161.65
171.384
171.384
186.814
186.814
171.628
169.804
169.804
169.804
169.804
226.635
154.659
123.494
113.214
113.214
113.214
113.214
98.9209
138.598
157.324
170.512
173.882
174.841
174.841
178.932
178.932
149.075
149.075
149.075
232.356
235.862
260.951
366.462
264.797
204.416
204.416
154.729
147.939
147.939
212.224
271.242
279.672
279.672
231.754
159.863
159.863
125.341
125.341
125.341
159.863
174.32
174.32
213.737
213.737
212.057
212.057
207.209
194.244
199.7
207.209
212.057
212.057
236.382
273.124
286.748
327.861
329.166
275.29
193.892
193.892
175.553
175.553
175.553
193.892
193.892
237.045
237.045
246.466
219.5
180.233
180.233
178.098
152.596
134.314
134.314
134.314
137.256
152.596
180.233
203.057
203.057
208.048
208.048
208.101
208.101
228.113
251.685
394.029
396.897
448.544
450.789
500.936
594.866
631.174
657.627
687.486
779.102
887.146
935.273
985.097
999.271
1022.93
491.821
461.067
454.424
405.049
405.049
405.049
304.508
304.508
454.424
461.067
472.384
287.01
201.559
201.559
201.559
201.559
197.176
197.176
314.085
329.059
460.125
472.384
369.111
369.111
369.111
369.111
369.111
369.111
369.111
374.509
393.748
476.484
477.044
420.733
420.733
420.733
420.733
504.155
509.011
518.712
518.712
524.461
407.101
319.423
319.423
298.976
298.976
319.423
344.353
392.644
402.776
407.101
418.502
419.917
356.274
356.274
298.634
298.634
298.634
239.597
356.274
414.227
420.428
431.826
438.086
395.518
395.518
372.801
342.278
215.481
215.481
215.481
215.481
215.481
249.925
372.801
372.801
395.518
395.518
450.843
450.843
469.386
483.265
486.9
486.9
504.192
518.697
518.697
518.697
518.697
518.697
550.936
552.451
552.451
572.731
573.186
573.186
513.469
512.33
394.532
394.532
394.532
394.532
423.116
423.116
452.112
460.437
428.841
324.387
324.387
293.171
293.171
324.387
324.387
282.179
282.179
282.179
323.204
317.213
317.213
317.213
317.213
324.433
383.019
406.853
406.853
411.035
368.18
330.212
330.212
330.212
329.121
329.121
368.18
380.894
401.062
435.077
435.077
438.59
404.964
339.642
336.648
285.926
285.926
274.113
336.648
342.874
397.971
448.122
435.746
435.746
435.746
435.746
436.599
448.154
448.779
408.023
365.487
365.487
254.997
254.997
254.997
278.096
342.584
353.53
353.53
353.53
353.53
361.679
361.679
367.29
414.682
414.682
427.449
439.564
454.476
456.517
456.517
463.978
473.154
477.915
477.915
477.915
477.915
395.033
395.033
469.306
483.063
483.063
483.359
503.502
512.33
520.961
521.378
580.291
580.291
585.617
596.572
572.329
572.329
601.396
606.458
606.458
536.433
536.433
458.572
458.572
460.939
410.578
410.578
410.578
367.526
367.526
384.267
419.589
419.589
419.589
449.562
452.741
452.741
412.637
364.571
364.571
364.571
364.571
363.828
363.828
379.025
379.025
393.473
393.473
393.473
351.382
351.382
351.382
351.382
325.088
389.351
382.965
317.394
317.394
317.394
317.394
317.394
382.965
367.763
340.14
340.14
329.187
379.329
389.089
427.81
435.279
412.47
412.47
373.113
326.374
326.374
333.512
364.787
376.521
376.521
382.732
411.151
411.151
411.151
443.222
415.061
415.061
415.061
377.16
377.16
377.16
377.16
377.16
415.061
448.332
439.02
439.02
439.02
399.233
399.233
448.085
448.332
449.541
295.288
295.288
295.288
295.288
295.288
447.803
449.163
472.08
472.08
461.108
423.868
375.798
375.798
478.337
480.25
480.25
480.25
516.818
327.287
327.287
309.146
309.146
309.146
342.39
520.487
472.065
472.065
472.065
533.896
542.772
542.772
545.484
545.841
551.899
504.252
504.252
504.252
504.252
504.252
617.89
617.89
625.03
592.281
460.755
446.684
446.684
432.85
432.85
432.85
386.596
460.755
468.086
468.086
347.045
347.045
347.045
347.045
469.698
471.962
479.588
479.588
438.832
402.986
402.986
339.073
328.09
328.09
328.09
398.233
398.233
514.531
523.673
482.947
278.27
278.27
278.27
278.27
278.27
335.422
367.966
282.781
269.935
269.935
269.935
269.935
282.781
307.029
365.222
367.768
367.966
313.608
263.739
236.907
198.635
198.635
198.635
198.635
263.739
291.961
291.961
280.22
280.22
280.22
327.063
360.289
400.875
415.207
423.64
423.64
423.64
423.64
431.389
432.491
432.491
432.491
291.381
291.381
291.381
291.381
291.381
298.268
322.524
335.184
335.184
335.184
330.427
330.427
330.427
425.587
453.443
453.443
453.443
455.211
456.122
487.041
487.041
501.827
492.227
341.484
341.484
340.172
340.172
317.285
317.285
265.436
388.788
406.597
406.597
423.896
430.296
430.296
422.36
358.968
358.968
358.968
358.968
387.139
387.139
401.774
458.342
458.342
386.929
344.844
344.844
330.62
330.62
344.844
399.967
408.266
455.395
492.227
499.809
499.809
501.359
501.359
501.359
501.359
530.423
541.257
541.257
541.257
466.703
466.703
448.756
448.756
541.257
551.239
552.552
555.392
492.642
455.543
455.543
441.962
455.543
558.443
617.549
625.759
625.759
627.71
627.71
652.502
665.01
667.871
667.871
667.871
667.871
667.871
668.817
668.817
668.817
668.817
668.817
671.761
718.79
879.23
1002.56
1355.68
1383.57
2075.36
2075.36
2075.36
2075.36
2075.36
167.878
150.68
150.68
150.68
150.68
150.68
141.675
150.68
161.27
161.27
118.281
118.281
118.281
118.281
118.281
149.15
139.126
89.5935
89.5935
89.5935
89.5935
89.5935
91.7386
98.4597
137.432
139.126
148.114
148.114
148.114
149.15
143.039
143.039
145.88
145.88
150.482
154.041
145.789
145.789
124.098
85.5407
85.5407
85.5407
85.5407
92.951
100.741
114.75
114.75
114.75
122.225
133.593
133.593
145.789
146.611
154.041
137.784
99.0353
99.0353
99.0353
99.0353
138.895
163.331
163.485
163.485
163.485
165.939
174.823
175.167
182.844
182.844
186.958
186.958
121.271
121.271
121.271
143.958
147.56
147.56
154.06
155.125
168.196
174.565
165.212
165.212
162.072
154.687
154.687
154.687
159.384
159.384
162.072
162.072
190.127
192.328
196.29
196.291
196.291
196.291
209.941
171.651
160.904
145.184
134.597
134.597
136.176
136.176
116.93
116.93
104.607
104.607
137.442
160.904
164.192
164.192
159.719
159.719
156.123
130.157
130.157
130.157
130.157
138.287
142.104
99.0331
99.0331
99.0331
99.0331
99.0331
110.889
126.572
126.54
126.54
126.54
126.54
134.987
144.521
149.164
149.164
149.164
149.164
139.512
132.913
70.9484
70.9484
70.9484
70.9484
70.9484
118.305
138.779
149.555
151.077
154.392
163.093
163.986
164.192
168.722
153.571
153.571
153.571
174.933
175.386
150.343
150.343
129.365
129.365
129.365
167.969
167.969
178.168
184.232
184.232
184.232
177.805
135.853
135.853
135.853
131.479
116.172
116.172
116.172
129.543
129.543
131.479
135.853
141.188
141.188
151.022
147.733
126.849
126.849
126.849
126.849
141.848
141.848
141.864
141.864
141.864
146.016
160.353
160.353
160.353
146.79
116.38
116.38
116.38
116.38
118.33
118.33
118.33
140.036
151.218
162.268
163.202
163.202
170.592
171.96
177.805
181.455
181.455
184.289
189.081
180.298
169.283
151.566
151.566
151.566
157.622
158.542
165.139
165.563
165.563
165.563
177.646
166.154
130.205
122.967
122.967
122.967
122.967
120.305
132.681
132.681
132.681
132.681
132.681
138.595
160.2
133.215
94.6063
94.6063
94.6063
94.6063
119.796
136.688
142.34
160.642
160.642
164.927
149.62
149.62
145.08
145.08
145.08
149.62
126.002
126.002
126.002
126.002
139.071
149.62
157.704
164.927
166.574
174.486
180.298
180.298
182.289
188.091
189.677
190.814
191.514
195.587
190.131
190.131
190.131
190.131
201.755
202.956
209.984
210.049
203.368
203.368
203.368
210.333
210.333
210.523
211.459
212.379
212.379
213.371
217.914
205.722
184.192
178.152
173.374
166.304
166.304
159.335
159.335
171.728
176.847
176.847
176.847
177.597
178.152
181.619
197.679
204.434
176.865
176.865
157.614
157.614
157.614
172.331
172.331
172.331
178.787
195.152
195.152
195.152
153.354
152.439
152.439
151.145
151.145
151.145
144.29
152.439
155.146
170.562
171.158
171.158
171.158
140.574
120.386
96.3916
96.3916
96.3916
96.195
81.068
68.2339
68.2339
68.2339
68.2339
79.0496
79.0496
112.61
139.797
139.797
139.797
112.815
112.815
99.6618
99.6618
99.6618
99.6618
99.6618
97.6276
81.2836
81.2836
81.2836
99.8651
102.099
104.996
123.007
130.342
132.949
133.23
133.23
135.881
137.702
140.574
144.996
152.007
153.934
160.326
164.267
173.759
179.425
180.032
187.433
188.7
152.972
152.972
152.972
116.912
116.912
116.912
168.695
195.375
198.943
200.885
200.885
200.885
192.33
192.33
200.941
139.05
139.05
118.695
118.695
139.05
204.337
170.881
166.679
166.679
166.679
158.679
166.679
169.995
169.995
169.995
169.995
168.025
154.009
170.881
170.881
128.137
128.137
128.137
128.137
131.43
123.939
123.939
110.289
110.289
110.289
110.289
155.925
155.925
159.37
170.243
142.438
142.438
142.438
192.675
198.864
198.864
198.864
147.622
147.622
147.622
147.622
152.734
141.774
141.774
141.774
157.316
157.808
167.675
171.541
159.568
159.568
159.568
159.568
176.348
199.371
203.265
203.891
203.734
156.668
156.668
156.668
141.815
139.827
139.827
131.072
112.558
112.558
112.558
112.558
103.415
103.415
109.141
109.141
111.107
136.654
138.838
94.9507
94.9507
94.9507
93.0489
93.0489
86.6709
94.9507
144.097
174.884
178.801
178.969
182.957
194.32
199.794
202.351
203.734
205.722
216.447
218.696
219.3
222.473
226.671
229.874
231.148
232.819
243.732
247.228
449.353
565.826
575.549
575.549
622.809
633.237
633.612
641.538
643.375
668.049
2075.36
571.334
443.516
420.615
392.378
392.378
392.378
392.378
420.615
420.615
363.051
363.051
363.051
420.619
451.397
399.878
279.483
279.483
279.483
279.483
295.901
388.276
388.276
451.397
477.19
477.19
509.065
517.086
548.944
533.249
396.388
271.555
271.555
271.555
271.555
271.555
272.978
459.69
478.845
479.386
513.849
527.184
527.184
532.293
532.293
508.153
508.153
508.153
532.293
556.305
571.334
603.02
605.276
605.276
628.965
628.965
628.965
545.413
522.215
522.215
522.215
522.215
592.312
632.031
679.682
679.682
739.165
767.619
846.264
848.208
920.691
994.522
998.314
1017.99
1042.65
